1.065082289278507233e-02
-1.157950051128864288e-02
8.851547725498676300e-03
-2.308075502514839172e-02
1.446138974279165268e-02
-2.230468392372131348e-02
2.197399362921714783e-02
-2.026435919106006622e-02
2.038501389324665070e-02
-2.560723759233951569e-02
1.472717244178056717e-02
-2.820996567606925964e-02
1.598704606294631958e-02
-2.416753768920898438e-02
1.984961703419685364e-02
-2.293618768453598022e-02
1.769928820431232452e-02
-2.693895623087882996e-02
1.405705697834491730e-02
-2.783276140689849854e-02
1.591155678033828735e-02
-2.450029365718364716e-02
1.859169639647006989e-02
-2.411109395325183868e-02
1.672874949872493744e-02
-2.688904479146003723e-02
1.479121856391429901e-02
-2.669818885624408722e-02
1.694096624851226807e-02
-2.400492690503597260e-02
1.887120679020881653e-02
-2.397891692817211151e-02
1.753678917884826660e-02
-2.569835446774959564e-02
1.686719059944152832e-02
-2.485123835504055023e-02
1.905072480440139771e-02
-2.266869693994522095e-02
2.046531252562999725e-02
-2.271621674299240112e-02
1.963790692389011383e-02
-2.358352020382881165e-02
1.975856535136699677e-02
-2.238375879824161530e-02
2.172201499342918396e-02
-2.062426134943962097e-02
2.268560416996479034e-02
-2.064513787627220154e-02
2.217740751802921295e-02
-2.093176543712615967e-02
2.262937277555465698e-02
-1.966858282685279846e-02
2.415616624057292938e-02
-1.835537143051624298e-02
2.466050349175930023e-02
-1.842155866324901581e-02
2.425872348248958588e-02
-1.845670863986015320e-02
2.470324002206325531e-02
-1.741540990769863129e-02
2.569451555609703064e-02
-1.663151010870933533e-02
2.577412687242031097e-02
-1.687911525368690491e-02
2.535290271043777466e-02
-1.695274747908115387e-02
2.562383189797401428e-02
-1.633498445153236389e-02
2.611118368804454803e-02
-1.611666567623615265e-02
2.585669234395027161e-02
-1.662921346724033356e-02
2.536860108375549316e-02
-1.690915226936340332e-02
2.541273459792137146e-02
-1.677427999675273895e-02
2.547838166356086731e-02
-1.705832965672016144e-02
2.496973983943462372e-02
-1.781639643013477325e-02
2.438751794397830963e-02
-1.832056790590286255e-02
2.419179491698741913e-02
-1.858329586684703827e-02
2.391261048614978790e-02
-1.920170336961746216e-02
2.321071736514568329e-02
-2.007797919213771820e-02
2.253140322864055634e-02
-2.068869397044181824e-02
2.212963812053203583e-02
-2.114764973521232605e-02
2.161513641476631165e-02
-2.185705862939357758e-02
2.082468569278717041e-02
-2.265106886625289917e-02
2.013144455850124359e-02
-2.317952178418636322e-02
1.965873502194881439e-02
-2.359679527580738068e-02
1.910024508833885193e-02
-2.416352368891239166e-02
1.840773224830627441e-02
-2.470263652503490448e-02
1.787285134196281433e-02
-2.499924041330814362e-02
1.753169670701026917e-02
-2.521795965731143951e-02
1.715326309204101562e-02
-2.551721222698688507e-02
1.675163023173809052e-02
-2.573831379413604736e-02
1.653910428285598755e-02
-2.576407417654991150e-02
1.649447157979011536e-02
-2.574351802468299866e-02
1.644910313189029694e-02
-2.576266787946224213e-02
1.644436828792095184e-02
-2.568957582116127014e-02
1.662149280309677124e-02
-2.546772360801696777e-02
1.692807301878929138e-02
-2.521948888897895813e-02
1.724313944578170776e-02
-2.498190850019454956e-02
1.761463657021522522e-02
-2.465084008872509003e-02
1.812606118619441986e-02
-2.420896664261817932e-02
1.871031895279884338e-02
-2.374958619475364685e-02
1.928495056927204132e-02
-2.328714542090892792e-02
1.988886669278144836e-02
-2.274546585977077484e-02
2.056648768484592438e-02
-2.213310636579990387e-02
2.124876156449317932e-02
-2.152789756655693054e-02
2.188078314065933228e-02
-2.093107812106609344e-02
2.249737270176410675e-02
-2.029866911470890045e-02
2.311736345291137695e-02
-1.965456455945968628e-02
2.368143945932388306e-02
-1.905989833176136017e-02
2.416300028562545776e-02
-1.851301640272140503e-02
2.459391765296459198e-02
-1.798766106367111206e-02
2.498358674347400665e-02
-1.751312240958213806e-02
2.529299631714820862e-02
-1.713142171502113342e-02
2.551166340708732605e-02
-1.683267578482627869e-02
2.567350119352340698e-02
-1.659978181123733521e-02
2.578076347708702087e-02
-1.645573601126670837e-02
2.580847032368183136e-02
-1.642425917088985443e-02
2.575953677296638489e-02
-1.648776419460773468e-02
2.565787918865680695e-02
-1.663134060800075531e-02
2.550253085792064667e-02
-1.686815917491912842e-02
2.527583017945289612e-02
-1.720550097525119781e-02
2.498413063585758209e-02
-1.761996001005172729e-02
2.464459463953971863e-02
-1.809609495103359222e-02
2.425342798233032227e-02
-1.863629184663295746e-02
2.380143105983734131e-02
-1.923505030572414398e-02
2.329709939658641815e-02
-1.986630260944366455e-02
2.275722287595272064e-02
-2.051322534680366516e-02
2.218308113515377045e-02
-2.117256075143814087e-02
2.157469466328620911e-02
-2.183154784142971039e-02
2.094753645360469818e-02
-2.246397174894809723e-02
2.032000757753849030e-02
-2.306045964360237122e-02
1.970076933503150940e-02
-2.361762523651123047e-02
1.909561455249786377e-02
-2.412365376949310303e-02
1.852581277489662170e-02
-2.456672675907611847e-02
1.800645142793655396e-02
-2.494122274219989777e-02
1.754542998969554901e-02
-2.525167725980281830e-02
1.714857667684555054e-02
-2.549318596720695496e-02
1.683160103857517242e-02
-2.566099911928176880e-02
1.660376414656639099e-02
-2.575962990522384644e-02
1.646509580314159393e-02
-2.579449117183685303e-02
1.641812920570373535e-02
-2.576350606977939606e-02
1.646844856441020966e-02
-2.566600032150745392e-02
1.661630347371101379e-02
-2.550646103918552399e-02
1.685410365462303162e-02
-2.528807148337364197e-02
1.717809587717056274e-02
-2.501056715846061707e-02
1.758482493460178375e-02
-2.467343769967556000e-02
1.806451566517353058e-02
-2.428045682609081268e-02
1.860560663044452667e-02
-2.383618615567684174e-02
1.919544674456119537e-02
-2.334231510758399963e-02
1.982506923377513885e-02
-2.280405163764953613e-02
2.047788165509700775e-02
-2.222871035337448120e-02
2.113919332623481750e-02
-2.162480540573596954e-02
2.179365605115890503e-02
-2.100329101085662842e-02
2.243020758032798767e-02
-2.037303335964679718e-02
2.303500659763813019e-02
-1.975086890161037445e-02
2.359551750123500824e-02
-1.914753578603267670e-02
2.410301752388477325e-02
-1.857525669038295746e-02
2.454966865479946136e-02
-1.805085502564907074e-02
2.493150718510150909e-02
-1.758197508752346039e-02
2.524628862738609314e-02
-1.718239672482013702e-02
2.548954635858535767e-02
-1.686047762632369995e-02
2.566229924559593201e-02
-1.662409305572509766e-02
2.576655894517898560e-02
-1.647691801190376282e-02
2.580339089035987854e-02
-1.642405614256858826e-02
2.577360346913337708e-02
-1.646753773093223572e-02
2.567984536290168762e-02
-1.660635694861412048e-02
2.552412077784538269e-02
-1.683685369789600372e-02
2.530814148485660553e-02
-1.715515553951263428e-02
2.503098733723163605e-02
-1.755473017692565918e-02
2.469659969210624695e-02
-1.802722923457622528e-02
2.430556714534759521e-02
-1.856304146349430084e-02
2.386305108666419983e-02
-1.915133930742740631e-02
2.337330020964145660e-02
-1.977540738880634308e-02
2.283491194248199463e-02
-2.042649872601032257e-02
2.226052246987819672e-02
-2.108565531671047211e-02
2.165735512971878052e-02
-2.174037136137485504e-02
2.103544957935810089e-02
-2.237813360989093781e-02
2.040613628923892975e-02
-2.298527210950851440e-02
1.978280395269393921e-02
-2.354611456394195557e-02
1.917661167681217194e-02
-2.405659109354019165e-02
1.860207505524158478e-02
-2.450840547680854797e-02
1.807413995265960693e-02
-2.489589527249336243e-02
1.760127209126949310e-02
-2.521297149360179901e-02
1.719810999929904938e-02
-2.546223998069763184e-02
1.687147654592990875e-02
-2.564178779721260071e-02
1.662879437208175659e-02
-2.575177699327468872e-02
1.647692359983921051e-02
-2.579374611377716064e-02
1.641974225640296936e-02
-2.577019482851028442e-02
1.645704917609691620e-02
-2.568258158862590790e-02
1.658960431814193726e-02
-2.553235739469528198e-02
1.681564375758171082e-02
-2.532102540135383606e-02
1.712952367961406708e-02
-2.505031600594520569e-02
1.752514392137527466e-02
-2.472199685871601105e-02
1.799518056213855743e-02
-2.433798648416996002e-02
1.852870918810367584e-02
-2.390103973448276520e-02
1.911306567490100861e-02
-2.341319248080253601e-02
1.973830722272396088e-02
-2.287844941020011902e-02
2.038900926709175110e-02
-2.230889350175857544e-02
2.104799076914787292e-02
-2.170933224260807037e-02
2.170533128082752228e-02
-2.108795940876007080e-02
2.234831638634204865e-02
-2.045932412147521973e-02
2.295551449060440063e-02
-1.983646117150783539e-02
2.352082170546054840e-02
-1.922830380499362946e-02
2.403772249817848206e-02
-1.864977367222309113e-02
2.449429407715797424e-02
-1.811829395592212677e-02
2.488352358341217041e-02
-1.764401979744434357e-02
2.520591951906681061e-02
-1.723261550068855286e-02
2.546158991754055023e-02
-1.689851097762584686e-02
2.564352191984653473e-02
-1.665066182613372803e-02
2.575546130537986755e-02
-1.649231836199760437e-02
2.580172382295131683e-02
-1.642548851668834686e-02
2.578227221965789795e-02
-1.645543985068798065e-02
2.569681778550148010e-02
-1.658189296722412109e-02
2.554820477962493896e-02
-1.680041849613189697e-02
2.533962018787860870e-02
-1.710601337254047394e-02
2.507266961038112640e-02
-1.749634183943271637e-02
2.474617585539817810e-02
-1.795922592282295227e-02
2.436354011297225952e-02
-1.848771050572395325e-02
2.392660640180110931e-02
-1.906869187951087952e-02
2.344023250043392181e-02
-1.968785375356674194e-02
2.290971577167510986e-02
-2.033627405762672424e-02
2.234071120619773865e-02
-2.099560573697090149e-02
2.174019068479537964e-02
-2.165206894278526306e-02
2.111917920410633087e-02
-2.229231782257556915e-02
2.049242891371250153e-02
-2.290272153913974762e-02
1.986727304756641388e-02
-2.347271330654621124e-02
1.925637014210224152e-02
-2.399193309247493744e-02
1.867738366127014160e-02
-2.445145696401596069e-02
1.814341172575950623e-02
-2.484584413468837738e-02
1.766385324299335480e-02
-2.517454698681831360e-02
1.724809408187866211e-02
-2.543460950255393982e-02
1.691037043929100037e-02
-2.562131546437740326e-02
1.665762439370155334e-02
-2.573997713625431061e-02
1.649300754070281982e-02
-2.579267881810665131e-02
1.642097346484661102e-02
-2.577817812561988831e-02
1.644601486623287201e-02
-2.569809928536415100e-02
1.656707935035228729e-02
-2.555594220757484436e-02
1.678051240742206573e-02
-2.535417675971984863e-02
1.708163134753704071e-02
-2.509292401373386383e-02
1.746759377419948578e-02
-2.477078326046466827e-02
1.792752556502819061e-02
-2.439203672111034393e-02
1.845146343111991882e-02
-2.396091818809509277e-02
1.902971416711807251e-02
-2.348041534423828125e-02
1.965138688683509827e-02
-2.295359224081039429e-02
2.029762789607048035e-02
-2.238857373595237732e-02
2.095847204327583313e-02
-2.178995497524738312e-02
2.161704003810882568e-02
-2.117345854640007019e-02
2.226010151207447052e-02
-2.054588496685028076e-02
2.287460491061210632e-02
-1.991837844252586365e-02
2.344880253076553345e-02
-1.930924877524375916e-02
2.396974712610244751e-02
-1.872801966965198517e-02
2.443339116871356964e-02
-1.818779483437538147e-02
2.483581565320491791e-02
-1.770213991403579712e-02
2.516699209809303284e-02
-1.728355139493942261e-02
2.542891539633274078e-02
-1.694054342806339264e-02
2.562201954424381256e-02
-1.667902804911136627e-02
2.574548311531543732e-02
-1.650670543313026428e-02
2.579978667199611664e-02
-1.642958447337150574e-02
2.578766830265522003e-02
-1.644672080874443054e-02
2.571150287985801697e-02
-1.655835658311843872e-02
2.557219564914703369e-02
-1.676443032920360565e-02
2.537214010953903198e-02
-1.705961674451828003e-02
2.511133067309856415e-02
-1.743798330426216125e-02
2.479260601103305817e-02
-1.789354532957077026e-02
2.441874518990516663e-02
-1.841074973344802856e-02
2.398929372429847717e-02
-1.898575201630592346e-02
2.350812032818794250e-02
-1.960405334830284119e-02
2.298456802964210510e-02
-2.024773880839347839e-02
2.242115512490272522e-02
-2.090499922633171082e-02
2.182439155876636505e-02
-2.156355790793895721e-02
2.120512351393699646e-02
-2.220804989337921143e-02
2.057716250419616699e-02
-2.282251976430416107e-02
1.994941197335720062e-02
-2.339625358581542969e-02
1.933964341878890991e-02
-2.392283454537391663e-02
1.875450275838375092e-02
-2.439336106181144714e-02
1.821170374751091003e-02
-2.479759790003299713e-02
1.772389933466911316e-02
-2.513345144689083099e-02
1.730303652584552765e-02
-2.540200203657150269e-02
1.695172861218452454e-02
-2.560118027031421661e-02
1.668549142777919769e-02
-2.572956308722496033e-02
1.650987379252910614e-02
-2.578804641962051392e-02
1.642681844532489777e-02
-2.578284218907356262e-02
1.643655076622962952e-02
-2.571307495236396790e-02
1.654312200844287872e-02
-2.557964250445365906e-02
1.674643531441688538e-02
-2.538529783487319946e-02
