2.618896527739893583e-07
3.658049950734914429e-04
-1.261283895237111635e-03
-4.696316985974810011e-04
1.920750965208253965e-04
4.215066406063696942e-04
3.629542794981708859e-04
2.581276979360305063e-04
2.401799597926276505e-04
3.118904459489440562e-04
4.175937868884127308e-04
5.108597567370681998e-04
5.780084992460275206e-04
6.278746450050260060e-04
6.734060433322476037e-04
7.210404151792131067e-04
7.703709664659828035e-04
8.180268766479510808e-04
8.613564730274507301e-04
8.995180900219683709e-04
9.329408439017177618e-04
9.619704923872515571e-04
9.870830301834864970e-04
1.007959060983600226e-03
1.024370312577036445e-03
1.036041342094599308e-03
1.043022674041164900e-03
1.045195471655373460e-03
1.042674069271077751e-03
1.035420626497725446e-03
1.023555401386332369e-03
1.007104970957758841e-03
9.861497269815788520e-04
9.607907290847514424e-04
9.311790736286315899e-04
8.974520416138108934e-04
8.597836875960940262e-04
8.183564213697731762e-04
7.733661046449766523e-04
7.250007072024210316e-04
6.735981599876518944e-04
6.191398121700058318e-04
5.621174276976555022e-04
5.026791524073700524e-04
4.411032733449215485e-04
3.775961830693052744e-04
3.124936994494386939e-04
2.460266019761782612e-04
1.785146188942660821e-04
1.102059422833592020e-04
4.139563105410704708e-05
-2.763086791076729059e-05
-9.657321796603053122e-05
-1.651505870066802186e-04
-2.330718346593255467e-04
-3.000285103520498810e-04
-3.657466635645089141e-04
-4.299330348501587476e-04
-4.923059471073479082e-04
-5.525703729056416448e-04
-6.104517044448400532e-04
-6.657080468495400792e-04
-7.180509642362365623e-04
-7.672421268351146875e-04
-8.130468879987721650e-04
-8.552440710049640741e-04
-8.936275182025217199e-04
-9.280085905459003982e-04
-9.582183742676070792e-04
-9.841084285619240441e-04
-1.005552201635859537e-03
-1.022445961235883072e-03
-1.034706523183288613e-03
-1.042294132124356194e-03
-1.045143144209497972e-03
-1.043279089283251837e-03
-1.036708706828102242e-03
-1.025471022000944490e-03
-1.009631192034835716e-03
-9.892761391258790907e-04
-9.645165427470819841e-04
-9.354763087589684518e-04
-9.022997405681363985e-04
-8.651714178129428544e-04
-8.242468941497023546e-04
-7.797293930314264706e-04
-7.318297653564790695e-04
-6.807683202912032799e-04
-6.267742124207638941e-04
-5.700874993997628003e-04
-5.109565476512348183e-04
-4.496373239997818834e-04
-3.863923685475931561e-04
-3.214899321553975732e-04
-2.552026101786452955e-04
-1.878117449756900453e-04
-1.195912681020717939e-04
-5.083283319259938410e-05
1.817587589869803851e-05
8.715064662656100253e-05
1.557949556674215880e-04
2.238178327324974481e-04
2.909296930318429515e-04
3.568358848911096139e-04
4.212484636061903731e-04
4.838811014732009061e-04
5.444511549667814271e-04
6.026833148443595843e-04
6.583068999521708318e-04
7.110637232592723024e-04
7.607018933343979040e-04
8.069845693843256691e-04
8.496882610814250614e-04
8.886050484458000998e-04
9.235443108666155365e-04
9.543343223229018091e-04
9.808238474500545999e-04
1.002883077803077552e-03
1.020404978158530448e-03
1.033306442470136380e-03
1.041527737574144113e-03
1.045034133135774781e-03
1.043821471916656692e-03
1.046439830456695735e-03
1.006387344881873140e-03
1.021298377629805375e-03
9.983383376797468848e-04
9.689709270002041250e-04
9.377445235811767994e-04
9.051416465394952673e-04
8.697489109828567986e-04
8.303137630398783019e-04
7.865496225250162305e-04
7.388924063820316492e-04
6.879747228528140064e-04
6.342151623017016314e-04
5.778919905206628604e-04
5.191512734956190865e-04
4.581693746404573529e-04
3.951847520560029521e-04
3.304801916907100924e-04
2.643515292842112574e-04
1.981786599853375659e-04
1.262934987477367461e-04
6.144936495412066282e-05
-7.952727420927088619e-06
-7.761828697090378769e-05
-1.466792940893392894e-04
-2.148014553991159652e-04
-2.818978424920216505e-04
-3.478587534657792864e-04
-4.094735645605302571e-04
-2.710779328535673893e-04
-1.049298707904505138e-03
-3.645205495769337253e-04
-5.020993472767159476e-04
-6.850317506144878912e-04
-8.031985959314456597e-04
-8.490537056264967986e-04
-8.619964969575050597e-04
-8.771825616921872333e-04
-9.060756457495508379e-04
-9.425763079373816310e-04
-9.767150047829814812e-04
-1.002874979424611896e-03
-9.735203051859055894e-04
-1.148376116983352039e-03
-9.891985372479641589e-04
-1.010877365470133193e-03
-1.036408711695647241e-03
-1.056899969735574209e-03
-1.036730860182661241e-03
-9.991444642504167424e-04
-1.036289008030083676e-03
-9.506931387609219826e-04
-9.304635586359641733e-04
-9.101979605911414200e-04
-8.802442586011854659e-04
-8.401868073182984032e-04
-7.938517171836894292e-04
-7.446608792750238461e-04
-6.938670762804912849e-04
-6.411399638899324856e-04
-5.858122019209045924e-04
-5.276374096994286425e-04
-4.668673594212499113e-04
-4.039572127850178315e-04
-3.393727363987021650e-04
-2.734123149970120394e-04
-2.063222591796682541e-04
-1.386236699624420951e-04
-6.901688020963626187e-05
-9.608299633176995815e-06
8.898498972295672109e-05
1.277680949595395540e-04
1.993131023622516848e-04
2.719432519581655621e-04
3.409289974543385253e-04
4.057116553665805628e-04
4.676244439634548466e-04
5.278195310347928628e-04
5.864611206792817071e-04
6.430415801387379506e-04
6.968939438917724381e-04
7.475497059206203743e-04
7.947590057794273093e-04
8.384204819805793482e-04
9.084252284502379246e-04
8.408088712404901974e-04
9.788188544140336705e-04
9.951442634373683805e-04
1.000147471099748463e-03
1.000397986247070214e-03
1.047902140824611816e-03
1.020422819555073541e-03
1.042381717248898072e-03
1.047672642778925715e-03
1.043381266509060172e-03
1.033619294857443744e-03
1.011949344735010988e-03
-1.090159185310762140e-05
3.441926215075125778e-03
-1.411728776201636175e-04
2.067198307758816387e-04
7.865004386954241528e-04
1.073036496465769622e-03
1.023808497304435879e-03
8.477163954910154654e-04
6.677220896820251946e-04
5.847622781163022958e-04
5.563001422285465637e-04
5.332344143726642713e-04
4.894519771043890580e-04
4.252354278470290086e-04
3.523367630734851731e-04
2.803308670611449091e-04
2.120442828447013732e-04
1.414018540654537321e-04
8.809087474892914006e-05
1.051642231585667681e-05
-6.311125176847646827e-05
-8.405705772912234347e-05
-3.053143626692323169e-04
-2.135705077036132576e-04
-2.975453775689169121e-04
-3.908309548533851589e-04
-4.690645280219711923e-04
-5.303108481169234618e-04
-5.849411347910220488e-04
-6.294974917126778657e-04
-6.891111395551687002e-04
-7.404336308477656040e-04
-7.884357743247506767e-04
-8.327465472282621472e-04
-8.731973716844466027e-04
-9.097070505360326572e-04
-9.421711408517029164e-04
-9.704404258421953132e-04
-9.943522394428381660e-04
-1.013772219537805060e-03
-1.037210168693509463e-03
-1.027377540821025441e-03
-1.029735435489496182e-03
-1.061428732337858652e-03
-1.049380436766751820e-03
-1.029091986736704704e-03
-1.015613592366136023e-03
-1.000622697116520165e-03
-9.706268212170112092e-04
-9.609920753913037995e-04
-9.243068146119515259e-04
-8.696019960472244200e-04
-8.636042002404537964e-04
-8.016025557363927771e-04
-7.506609939724435228e-04
-7.195524785597733368e-04
-6.467143834517777648e-04
-6.094288291767757096e-04
-5.272213829670532783e-04
-5.167061111146478876e-04
-4.059417115244754013e-04
-3.466523369955555665e-04
-2.897730224967967486e-04
-2.287084268592443417e-04
-1.609964573470817298e-04
-9.006058753469122922e-05
-1.242850453062002622e-05
3.400183575479748255e-05
7.988509312523262127e-05
3.045505786777088900e-04
2.046338973621702117e-04
2.863310761565080950e-04
3.884541699102136026e-04
4.411762449703280861e-04
5.145323263147587962e-04
6.195036377363536155e-04
6.106566151181142162e-04
6.668853530782939062e-04
7.289402664598196736e-04
7.848122764388321864e-04
8.311524374092474268e-04
8.701606257673793511e-04
9.049507926208283067e-04
9.369900666125573338e-04
9.660219509549584005e-04
9.911132642355206801e-04
1.011537930928100735e-03
1.023824845998604072e-03
1.045626892219731711e-03
1.037862989413999154e-03
1.051423770552971588e-03
1.031626115838475645e-03
1.035922405864565798e-03
1.023559434244121621e-03
1.004800848084290866e-03
9.845976902496972761e-04
9.410185719441292729e-04
9.453756097199740886e-04
8.857105449292588910e-04
8.472237200647863642e-04
8.067147556704472658e-04
7.737345044521074617e-04
7.141206098674541180e-04
6.624480636724129883e-04
6.087481481674263464e-04
5.520355255139890779e-04
4.923042088392762163e-04
4.301089090545420464e-04
3.660659885191574797e-04
3.005900472755192133e-04
2.167495766905152687e-04
2.084107523270512885e-04
7.933040103817035190e-05
-1.065519772410423573e-05
3.131850293799569405e-05
-1.563625685446010517e-04
-1.706171635586775572e-04
-2.408651255096037598e-04
-3.223544639021852314e-04
-3.625578218246031667e-04
-4.456597992509369688e-04
-5.058373483626309262e-04
-5.828811915284160027e-04
-5.887030830466201360e-04
-6.495729468111015878e-04
-7.770347807089237387e-04
-7.688083694444431933e-04
-8.164303590422278484e-04
-8.629400395860190075e-04
-8.983919281651869728e-04
-9.320785361341149978e-04
-9.625553531971621935e-04
-9.884984078649468753e-04
-1.032697508267764420e-03
-9.862233346694835798e-04
-1.017648991624986454e-03
-1.069041962539399055e-03
-1.084915021904585882e-03
-1.025810958669836704e-03
-1.019827916366162915e-03
-1.015621261546488432e-03
-1.010337730026011904e-03
-9.989981002108557460e-04
-9.273654262479400293e-04
-9.596135421876721486e-04
-9.004367944130613850e-04
-8.400639136878996962e-04
-8.207493194919506484e-04
-7.776751070368415454e-04
-7.104448367329627189e-04
-6.851069206973781425e-04
-6.141139371002121055e-04
-5.548591104948417865e-04
-5.006242171440445764e-04
-4.411056153533480422e-04
-3.642826746273695993e-04
-3.307347589545202781e-04
-2.336273987158748555e-04
-1.774740381497831663e-04
-9.727420119167646856e-05
-3.739213000866921897e-05
2.273332774627059077e-05
1.367634590796903916e-04
6.964283628571681887e-05
2.818015819926666054e-04
3.321715876224933363e-04
3.701005439080522750e-04
4.307885108807511516e-04
4.637890891289241720e-04
5.872671479463363207e-04
6.045873474750933663e-04
6.469068855212465425e-04
7.384334302972161892e-04
7.591699220958332507e-04
8.212183191937893166e-04
8.465842676663063804e-04
9.285918062367510672e-04
9.085539906424439311e-04
8.892856867034683614e-04
1.138114286755562837e-03
9.782816449922975346e-04
8.612308196458261927e-04
1.114070196276382508e-03
1.082751530561247566e-03
1.082847262997599239e-03
9.438633540425905724e-04
1.085621028557647071e-03
-4.984591765148430314e-04
4.738564863709194240e-03
-6.659494639218115465e-04
-1.090941838088033925e-04
7.945789760262658794e-04
1.253130794069242954e-03
1.199809631760118426e-03
9.497350071843352120e-04
7.348917532328336309e-04
6.510216764621331621e-04
6.202779308757684195e-04
6.148045329778783477e-04
5.877525980049060983e-04
5.226201702269984116e-04
4.560958475234520837e-04
3.722864858249199456e-04
3.165787280562673230e-04
2.799211883682015491e-04
1.431560670960999395e-04
1.580490363625755253e-04
2.745769235216910750e-05
-2.193878159370926765e-05
-9.694491238475653084e-05
-1.744924532051568566e-04
-2.034862716604240106e-04
-2.947727561939555464e-04
-3.513601432430663312e-04
-4.252174916638039402e-04
-4.911731051139809094e-04
-5.978042649858323872e-04
-4.892273972143707265e-04
-6.920416182274364853e-04
1.510025908475726793e-04
-3.047074492499252628e-03
2.319211677998388611e-04
-1.837519325448388585e-04
-7.894469928980813161e-04
-1.151371072375779623e-03
-1.177330000321043842e-03
-1.064378370708255264e-03
-9.746507716666891804e-04
-9.586844845466325387e-04
-8.952230226290951078e-04
-1.308052372197850534e-03
-9.237417636224580769e-04
-9.823591699192658639e-04
-1.067871709454996454e-03
-9.867851115659071262e-04
-1.054686163584091793e-03
-9.699773732637124871e-04
-1.081749532234623249e-03
-8.801953659976246343e-04
-8.546398273535745676e-04
-8.732669716278001733e-04
-6.806402791122099496e-04
-1.172036137171483588e-03
-5.724630122664281593e-04
-5.849075911704440479e-04
-6.129271460890241057e-04
-6.030976067237819220e-04
-5.450871642439200941e-04
-4.830343166991938036e-04
-3.886295809344467427e-04
-3.043298414092703756e-04
-2.810193097454970201e-04
-1.814648020687600102e-04
-1.244208222132211236e-04
-5.645814108006845197e-05
2.146797252824303280e-05
6.976900317558071816e-05
1.586765044536977368e-04
1.666361005315978932e-04
3.463967728646431148e-04
3.098246394754780976e-04
5.091833455021639544e-04
3.058500750725136157e-04
6.088837325384869594e-04
6.497634924018355932e-04
6.597095266403062023e-04
6.707888522622829520e-04
7.870612411015601899e-04
7.798286609616228784e-04
8.079663687436734222e-04
8.922514532124573017e-04
9.522192402166557287e-04
9.861893354398288541e-04
9.523242505255469746e-04
8.249116892208181165e-04
1.347711775071908915e-03
9.145530572555202273e-04
9.540038538882103904e-04
1.032032767041793147e-03
1.069371992961794986e-03
