0.000000000000000000e+00 0.000000000000000000e+00 3.333333507180213928e-02 0.000000000000000000e+00 0.000000000000000000e+00
6.665432453155517578e-02 8.519443124532699585e-02 3.333333507180213928e-02 6.019936874508857727e-02 1.998888969421386719e+00
1.418233513832092285e-01 -1.847205758094787598e-01 3.935327380895614624e-02 -4.497421905398368835e-02 3.997493982315063477e+00
2.020518332719802856e-01 1.041124761104583740e-01 3.485585004091262817e-02 3.250503167510032654e-02 5.996672153472900391e+00
2.821543514728546143e-01 -1.993596553802490234e-01 3.810635209083557129e-02 -1.055307686328887939e-01 7.995094776153564453e+00
3.384271264076232910e-01 2.496615946292877197e-01 2.755327522754669189e-02 3.577619791030883789e-02 9.994401931762695312e+00
4.184833765029907227e-01 -1.421670615673065186e-01 3.113089501857757568e-02 -8.801821619272232056e-02 1.199295520782470703e+01
4.665252864360809326e-01 2.812496423721313477e-01 2.232907339930534363e-02 7.692735642194747925e-02 1.399242877960205078e+01
5.392976999282836914e-01 -1.937589049339294434e-01 3.002180904150009155e-02 -6.057337671518325806e-02 1.599130249023437500e+01
5.799651145935058594e-01 2.013214528560638428e-01 2.396447211503982544e-02 7.651073485612869263e-02 1.799098205566406250e+01
6.480158567428588867e-01 -2.532547712326049805e-01 3.161554411053657532e-02 -8.768860250711441040e-02 1.998992538452148438e+01
6.859235763549804688e-01 1.968933343887329102e-01 2.284668385982513428e-02 3.893838077783584595e-02 2.198972702026367188e+01
7.512971758842468262e-01 -1.993204057216644287e-01 2.674052119255065918e-02 -1.123985126614570618e-01 2.398875617980957031e+01
7.848469018936157227e-01 2.710561752319335938e-01 1.550066936761140823e-02 3.930585831403732300e-02 2.598857498168945312e+01
8.429493904113769531e-01 -1.480599939823150635e-01 1.943125575780868530e-02 -9.057552367448806763e-02 2.798791503906250000e+01
8.670062422752380371e-01 2.721238136291503906e-01 1.037370320409536362e-02 6.726851314306259155e-02 2.998782539367675781e+01
9.149641990661621094e-01 -1.927174627780914307e-01 1.710055395960807800e-02 -7.447854429483413696e-02 3.198743629455566406e+01
9.298946857452392578e-01 2.127662599086761475e-01 9.652699343860149384e-03 6.087578088045120239e-02 3.398747253417968750e+01
9.704754352569580078e-01 -2.260133922100067139e-01 1.574027724564075470e-02 -9.712103754281997681e-02 3.598717498779296875e+01
9.793561697006225586e-01 2.214016914367675781e-01 6.028173491358757019e-03 3.503931313753128052e-02 3.798728179931640625e+01
1.013552188873291016e+00 -1.795214116573333740e-01 9.532105177640914917e-03 -1.099176332354545593e-01 3.998711013793945312e+01
1.014664769172668457e+00 2.737440764904022217e-01 -1.459658145904541016e-03 4.168815165758132935e-02 4.198719024658203125e+01
1.039119839668273926e+00 -1.526875793933868408e-01 2.709157299250364304e-03 -9.031753987073898315e-02 4.398722839355468750e+01
1.029269456863403320e+00 2.628199458122253418e-01 -6.322596687823534012e-03 6.199204176664352417e-02 4.598726272583007812e+01
1.042905807495117188e+00 -1.927015483379364014e-01 -1.233923248946666718e-04 -8.159359544515609741e-02 4.798738861083984375e+01
1.023388862609863281e+00 2.205404639244079590e-01 -8.282752707600593567e-03 5.434408038854598999e-02 4.998738479614257812e+01
1.028876781463623047e+00 -2.105170488357543945e-01 -2.848344389349222183e-03 -9.878187626600265503e-02 5.198749923706054688e+01
1.002128481864929199e+00 2.346728742122650146e-01 -1.272653229534626007e-02 3.867303580045700073e-02 5.398743057250976562e+01
1.000141501426696777e+00 -1.749585270881652832e-01 -8.859228342771530151e-03 -1.031716689467430115e-01 5.598756790161132812e+01
9.649280905723571777e-01 2.687776982784271240e-01 -1.917639560997486115e-02 4.869582504034042358e-02 5.798733520507812500e+01
9.534505009651184082e-01 -1.654222011566162109e-01 -1.430681347846984863e-02 -8.626561611890792847e-02 5.998748397827148438e+01
9.082973003387451172e-01 2.518983483314514160e-01 -2.293337509036064148e-02 6.348418444395065308e-02 6.198704147338867188e+01
8.876177668571472168e-01 -1.997306346893310547e-01 -1.658495701849460602e-02 -8.182393759489059448e-02 6.398709106445312500e+01
8.344790339469909668e-01 2.227608859539031982e-01 -2.476735040545463562e-02 5.685689300298690796e-02 6.598648834228515625e+01
8.072186708450317383e-01 -2.086591720581054688e-01 -1.908166147768497467e-02 -9.363568574190139771e-02 6.798642730712890625e+01
7.481955289840698242e-01 2.374449670314788818e-01 -2.844522893428802490e-02 4.897085577249526978e-02 6.998566436767578125e+01
7.150476574897766113e-01 -1.839068531990051270e-01 -2.354814298450946808e-02 -9.248305112123489380e-02 7.198552703857421875e+01
6.495701074600219727e-01 2.570554316043853760e-01 -3.279644995927810669e-02 6.010834127664566040e-02 7.398454284667968750e+01
6.096807122230529785e-01 -1.852126717567443848e-01 -2.678561583161354065e-02 -7.835382968187332153e-02 7.598431396484375000e+01
5.376012921333312988e-01 2.380301356315612793e-01 -3.462100028991699219e-02 7.075693458318710327e-02 7.798310089111328125e+01
4.921618700027465820e-01 -2.131763100624084473e-01 -2.754530683159828186e-02 -7.621159404516220093e-02 7.998272705078125000e+01
4.157686829566955566e-01 2.183035314083099365e-01 -3.516646474599838257e-02 6.576640158891677856e-02 8.198138427734375000e+01
3.672671020030975342e-01 -2.168459892272949219e-01 -2.858982421457767487e-02 -8.342463523149490356e-02 8.398091888427734375e+01
2.884195148944854736e-01 2.306797206401824951e-01 -3.693228960037231445e-02 6.300831586122512817e-02 8.597948455810546875e+01
2.376239746809005737e-01 -2.006483078002929688e-01 -3.063145838677883148e-02 -7.907942682504653931e-02 8.797897338867187500e+01
1.563152223825454712e-01 2.394890785217285156e-01 -3.853940218687057495e-02 7.349038869142532349e-02 8.997741699218750000e+01
1.031866222620010376e-01 -2.073431611061096191e-01 -3.119036369025707245e-02 -6.773371249437332153e-02 9.197685241699218750e+01
2.009177953004837036e-02 2.207510769367218018e-01 -3.796373307704925537e-02 8.072903007268905640e-02 9.397523498535156250e+01
-3.375824540853500366e-02 -2.286286950111389160e-01 -2.989082969725131989e-02 -6.686975806951522827e-02 9.597463226318359375e+01
-1.163836568593978882e-01 2.075691521167755127e-01 -3.657780587673187256e-02 7.700967043638229370e-02 9.797305297851562500e+01
-1.687799394130706787e-01 -2.287907004356384277e-01 -2.887683920562267303e-02 -7.075159996747970581e-02 9.997247314453125000e+01
-2.493951171636581421e-01 2.167738080024719238e-01 -3.595199808478355408e-02 7.695730775594711304e-02 1.019709777832031250e+02
-2.996202409267425537e-01 -2.183560431003570557e-01 -2.825626730918884277e-02 -6.523223966360092163e-02 1.039704666137695312e+02
-3.779521584510803223e-01 2.185860574245452881e-01 -3.477949276566505432e-02 8.557035773992538452e-02 1.059690551757812500e+02
-4.256517291069030762e-01 -2.265750169754028320e-01 -2.622245624661445618e-02 -5.681063979864120483e-02 1.079686050415039062e+02
-5.007403492927551270e-01 2.020679414272308350e-01 -3.190352022647857666e-02 8.980789035558700562e-02 1.099673233032226562e+02
-5.443400740623474121e-01 -2.414368391036987305e-01 -2.292273193597793579e-02 -5.700897425413131714e-02 1.119669494628906250e+02
-6.143188476562500000e-01 1.939625442028045654e-01 -2.862362936139106750e-02 8.669004589319229126e-02 1.139658737182617188e+02
-6.521700024604797363e-01 -2.391165196895599365e-01 -1.995462551712989807e-02 -5.910197645425796509e-02 1.159656066894531250e+02
-7.159835100173950195e-01 2.008452117443084717e-01 -2.586482279002666473e-02 8.752808719873428345e-02 1.179647293090820312e+02
-7.476295828819274902e-01 -2.322343289852142334e-01 -1.711201295256614685e-02 -5.412543565034866333e-02 1.199645767211914062e+02
-8.050719499588012695e-01 1.994596123695373535e-01 -2.252455614507198334e-02 9.365233033895492554e-02 1.219638900756835938e+02
-8.301763534545898438e-01 -2.398006021976470947e-01 -1.315932255238294601e-02 -4.886905103921890259e-02 1.239638290405273438e+02
-8.804722428321838379e-01 1.869046092033386230e-01 -1.804622821509838104e-02 9.524799138307571411e-02 1.259633407592773438e+02
-8.978753089904785156e-01 -2.490572631359100342e-01 -8.521429263055324554e-03 -5.035562068223953247e-02 1.279633483886718750e+02
-9.398227930068969727e-01 1.834979355335235596e-01 -1.355699077248573303e-02 9.217103570699691772e-02 1.299630584716796875e+02
-9.485878348350524902e-01 -2.450748682022094727e-01 -4.339886829257011414e-03 -5.209226161241531372e-02 1.319631195068359375e+02
-9.817748069763183594e-01 1.896661221981048584e-01 -9.549112990498542786e-03 9.276274591684341431e-02 1.339629974365234375e+02
-9.819070100784301758e-01 -2.402907907962799072e-01 -2.728383988142013550e-04 -4.887247830629348755e-02 1.359630889892578125e+02
-1.006481766700744629e+00 1.882092952728271484e-01 -5.160086322575807571e-03 9.626259654760360718e-02 1.379630889892578125e+02
-9.979811906814575195e-01 -2.461324334144592285e-01 4.466173704713582993e-03 -4.682245105504989624e-02 1.399631652832031250e+02
-1.013661861419677734e+00 1.807054579257965088e-01 -2.160714939236640930e-04 9.563820809125900269e-02 1.419632568359375000e+02
-9.960234761238098145e-01 -2.507781982421875000e-01 9.347749873995780945e-03 -4.975124448537826538e-02 1.439632568359375000e+02
-1.002404928207397461e+00 1.816944181919097900e-01 4.372625146061182022e-03 9.227707237005233765e-02 1.459634094238281250e+02
-9.754904508590698242e-01 -2.457250654697418213e-01 1.360033266246318817e-02 -5.203434079885482788e-02 1.479633178710937500e+02
-9.728608727455139160e-01 1.883150041103363037e-01 8.396898396313190460e-03 9.203768521547317505e-02 1.499634704589843750e+02
-9.372364282608032227e-01 -2.419496774673461914e-01 1.760066673159599304e-02 -5.101389437913894653e-02 1.519632415771484375e+02
-9.262281060218811035e-01 1.884730160236358643e-01 1.249927654862403870e-02 9.313050657510757446e-02 1.539633636474609375e+02
-8.823843598365783691e-01 -2.455144226551055908e-01 2.181232720613479614e-02 -5.171877890825271606e-02 1.559629669189453125e+02
-8.633087873458862305e-01 1.858245730400085449e-01 1.664044894278049469e-02 9.077379852533340454e-02 1.579630279541015625e+02
-8.114495277404785156e-01 -2.463957965373992920e-01 2.571782842278480530e-02 -5.581977218389511108e-02 1.599624481201171875e+02
-7.846509814262390137e-01 1.901880502700805664e-01 2.013585157692432404e-02 8.704092353582382202e-02 1.619624176025390625e+02
-7.253670692443847656e-01 -2.405270040035247803e-01 2.883994393050670624e-02 -5.879383534193038940e-02 1.639616241455078125e+02
-6.917378902435302734e-01 1.972941458225250244e-01 2.296056039631366730e-02 8.582373708486557007e-02 1.659614868164062500e+02
-6.260966062545776367e-01 -2.368674278259277344e-01 3.154293447732925415e-02 -5.960562080144882202e-02 1.679605102539062500e+02
-5.866961479187011719e-01 1.990849673748016357e-01 2.558237314224243164e-02 8.498110622167587280e-02 1.699602661132812500e+02
-5.156350135803222656e-01 -2.379062175750732422e-01 3.408048301935195923e-02 -6.210205703973770142e-02 1.719591064453125000e+02
-4.712640345096588135e-01 1.998464167118072510e-01 2.787027694284915924e-02 8.147806674242019653e-02 1.739587554931640625e+02
-3.955538272857666016e-01 -2.357702255249023438e-01 3.601808473467826843e-02 -6.665592640638351440e-02 1.759574279785156250e+02
-3.470949530601501465e-01 2.058145105838775635e-01 2.935249172151088715e-02 7.753265649080276489e-02 1.779569854736328125e+02
-2.678258121013641357e-01 -2.292319238185882568e-01 3.710575774312019348e-02 -6.984325498342514038e-02 1.799555206298828125e+02
-2.165387421846389771e-01 2.125016450881958008e-01 3.012143261730670929e-02 7.556580752134323120e-02 1.819549865722656250e+02
-1.350644528865814209e-01 -2.251816093921661377e-01 3.767801448702812195e-02 -7.159014791250228882e-02 1.839534454345703125e+02
-8.222843706607818604e-02 2.148917019367218018e-01 3.051899932324886322e-02 7.350312918424606323e-02 1.859528808593750000e+02
2.792552113533020020e-04 -2.239646613597869873e-01 3.786931186914443970e-02 -7.468246668577194214e-02 1.879512939453125000e+02
5.361936986446380615e-02 2.171101570129394531e-01 3.040106594562530518e-02 6.959237903356552124e-02 1.899507141113281250e+02
1.361131221055984497e-01 -2.198032438755035400e-01 3.736030310392379761e-02 -7.879600673913955688e-02 1.919491271972656250e+02
1.888513565063476562e-01 2.228712141513824463e-01 2.948070317506790161e-02 6.589203327894210815e-02 1.939485473632812500e+02
2.700816690921783447e-01 -2.131479382514953613e-01 3.606990724802017212e-02 -8.148729056119918823e-02 1.959470214843750000e+02
3.209049105644226074e-01 2.281318008899688721e-01 2.792117744684219360e-02 6.377808004617691040e-02 1.979464874267578125e+02
3.995442986488342285e-01 -2.090122997760772705e-01 3.429898619651794434e-02 -8.318180590867996216e-02 1.999450683593750000e+02
4.472398757934570312e-01 2.300165891647338867e-01 2.598080411553382874e-02 6.145452708005905151e-02 2.019446105957031250e+02
5.221895575523376465e-01 -2.066439986228942871e-01 3.212625533342361450e-02 -8.582594245672225952e-02 2.039433441162109375e+02
5.657773017883300781e-01 2.321659326553344727e-01 2.354365959763526917e-02 5.805287510156631470e-02 2.059429779052734375e+02
6.360704302787780762e-01 -2.020406424999237061e-01 2.934894710779190063e-02 -8.878032118082046509e-02 2.079418792724609375e+02
6.745645403861999512e-01 2.365839481353759766e-01 2.047091349959373474e-02 5.531019717454910278e-02 2.099416046142578125e+02
7.391569614410400391e-01 -1.964722573757171631e-01 2.600193396210670471e-02 -9.038943797349929810e-02 2.119407043457031250e+02
7.715144157409667969e-01 2.399097681045532227e-01 1.696299016475677490e-02 5.389068275690078735e-02 2.139405364990234375e+02
8.294262886047363281e-01 -1.934128105640411377e-01 2.235205844044685364e-02 -9.130869060754776001e-02 2.159398345947265625e+02
8.547902107238769531e-01 2.407262623310089111e-01 1.322118937969207764e-02 5.233902484178543091e-02 2.179397735595703125e+02
9.053023457527160645e-01 -1.915987730026245117e-01 1.845509186387062073e-02 -9.283456951379776001e-02 2.199392852783203125e+02
9.230538010597229004e-01 2.420261204242706299e-01 9.171634912490844727e-03 5.034100264310836792e-02 2.219393005371093750e+02
9.655984044075012207e-01 -1.883980929851531982e-01 1.420573517680168152e-02 -9.424041956663131714e-02 2.239389953613281250e+02
9.751710295677185059e-01 2.446888387203216553e-01 4.781693220138549805e-03 4.924886673688888550e-02 2.259390563964843750e+02
1.009202957153320312e+00 -1.853322982788085938e-01 9.706580080091953278e-03 -9.447363764047622681e-02 2.279389190673828125e+02
1.010083436965942383e+00 2.460575103759765625e-01 2.592159435153007507e-04 4.924700409173965454e-02 2.299390106201171875e+02
1.035207629203796387e+00 -1.846149563789367676e-01 5.183916538953781128e-03 -9.424627572298049927e-02 2.319390106201171875e+02
1.027114152908325195e+00 2.456536293029785156e-01 -4.240711219608783722e-03 4.921049624681472778e-02 2.339390869140625000e+02
1.043197870254516602e+00 -1.848185658454895020e-01 6.803385913372039795e-04 -9.437083452939987183e-02 2.359391784667968750e+02
1.026076674461364746e+00 2.457801401615142822e-01 -8.756744675338268280e-03 4.912798851728439331e-02 2.379391937255859375e+02
1.033140420913696289e+00 -1.842828691005706787e-01 -3.843945916742086411e-03 -9.415870159864425659e-02 2.399393310546875000e+02
1.007024407386779785e+00 2.465970516204833984e-01 -1.325981691479682922e-02 4.996252804994583130e-02 2.419392395019531250e+02
1.005163073539733887e+00 -1.844207346439361572e-01 -8.263563737273216248e-03 -9.299679845571517944e-02 2.439393920898437500e+02
9.701946973800659180e-01 2.461135387420654297e-01 -1.756324246525764465e-02 5.160651355981826782e-02 2.459391784667968750e+02
9.596775770187377930e-01 -1.864896416664123535e-01 -1.240259036421775818e-02 -9.155594557523727417e-02 2.479393005371093750e+02
9.162254929542541504e-01 2.443977892398834229e-01 -2.155818417668342590e-02 5.321338027715682983e-02 2.499389190673828125e+02
8.975465893745422363e-01 -1.890901029109954834e-01 -1.623684540390968323e-02 -9.030773490667343140e-02 2.519389801025390625e+02
8.461678028106689453e-01 2.431289255619049072e-01 -2.526761963963508606e-02 5.491199344396591187e-02 2.539384155273437500e+02
8.199430704116821289e-01 -1.912184357643127441e-01 -1.977642066776752472e-02 -8.866170793771743774e-02 2.559383850097656250e+02
7.612746953964233398e-01 2.420542240142822266e-01 -2.864259108901023865e-02 5.733146518468856812e-02 2.579376220703125000e+02
7.281928658485412598e-01 -1.940414905548095703e-01 -2.290944382548332214e-02 -8.631970733404159546e-02 2.599375000000000000e+02
6.629789471626281738e-01 2.397743761539459229e-01 -3.154141455888748169e-02 6.020704656839370728e-02 2.619365234375000000e+02
6.238721013069152832e-01 -1.981267333030700684e-01 -2.552071027457714081e-02 -8.385706692934036255e-02 2.639362792968750000e+02
5.530300140380859375e-01 2.366649806499481201e-01 -3.390641510486602783e-02 6.294224411249160767e-02 2.659351196289062500e+02
5.088830590248107910e-01 -2.022823095321655273e-01 -2.761219069361686707e-02 -8.152525871992111206e-02 2.679347839355468750e+02
4.334451854228973389e-01 2.338683009147644043e-01 -3.576471656560897827e-02 6.569527834653854370e-02 2.699334716796875000e+02
3.853028714656829834e-01 -2.059231400489807129e-01 -2.919518947601318359e-02 -7.886793464422225952e-02 2.719330139160156250e+02
3.063372373580932617e-01 2.310079932212829590e-01 -3.708198294043540955e-02 6.886059790849685669e-02 2.739315490722656250e+02
2.552751898765563965e-01 -2.099613249301910400e-01 -3.019592352211475372e-02 -7.578540593385696411e-02 2.759310302734375000e+02
1.739059537649154663e-01 2.271615564823150635e-01 -3.777446597814559937e-02 7.213012129068374634e-02 2.779294738769531250e+02
1.210749298334121704e-01 -2.146016657352447510e-01 -3.056145459413528442e-02 -7.276708632707595825e-02 2.799288940429687500e+02
3.851138800382614136e-02 2.228609025478363037e-01 -3.783816471695899963e-02 7.509327679872512817e-02 2.819273071289062500e+02
-1.487674191594123840e-02 -2.188641130924224854e-01 -3.032883629202842712e-02 -6.992208212614059448e-02 2.839267272949218750e+02
-9.740146994590759277e-02 2.188989520072937012e-01 -3.732104599475860596e-02 7.793780416250228882e-02 2.859251403808593750e+02
-1.501515805721282959e-01 -2.225300073623657227e-01 -2.952726557850837708e-02 -6.693010777235031128e-02 2.879245605468750000e+02
-2.314408421516418457e-01 2.148854136466979980e-01 -3.622027486562728882e-02 8.088729530572891235e-02 2.899230346679687500e+02
-2.823911011219024658e-01 -2.262904345989227295e-01 -2.813154458999633789e-02 -6.382454186677932739e-02 2.919225158691406250e+02
-3.612668514251708984e-01 2.103048264980316162e-01 -3.451399877667427063e-02 8.365555852651596069e-02 2.939210815429687500e+02
-4.092631936073303223e-01 -2.301492393016815186e-01 -2.614844217896461487e-02 -6.099360436201095581e-02 2.959206237792968750e+02
-4.845611751079559326e-01 2.057465314865112305e-01 -3.224780410528182983e-02 8.600123971700668335e-02 2.979193420410156250e+02
-5.284816622734069824e-01 -2.334163486957550049e-01 -2.364768087863922119e-02 -5.846970528364181519e-02 2.999189758300781250e+02
-5.991077423095703125e-01 2.017357647418975830e-01 -2.949465066194534302e-02 8.810324221849441528e-02 3.019178771972656250e+02
-6.379237174987792969e-01 -2.360772490501403809e-01 -2.068432606756687164e-02 -5.603799968957901001e-02 3.039176025390625000e+02
-7.028920650482177734e-01 1.979449987411499023e-01 -2.628812566399574280e-02 9.009022265672683716e-02 3.059166870117187500e+02
-7.356746196746826172e-01 -2.386701405048370361e-01 -1.727910339832305908e-02 -5.379790812730789185e-02 3.079165039062500000e+02
-7.940945625305175781e-01 1.941446661949157715e-01 -2.265889383852481842e-02 9.173619002103805542e-02 3.099158020019531250e+02
-8.199989795684814453e-01 -2.411109507083892822e-01 -1.348527427762746811e-02 -5.202729254961013794e-02 3.119157409667968750e+02
-8.710775971412658691e-01 1.908361315727233887e-01 -1.868800446391105652e-02 9.290418773889541626e-02 3.139152221679687500e+02
-8.893711566925048828e-01 -2.429075837135314941e-01 -9.397585876286029816e-03 -5.070289224386215210e-02 3.159152221679687500e+02
-9.324557185173034668e-01 1.883607208728790283e-01 -1.446787454187870026e-02 9.377404302358627319e-02 3.179149169921875000e+02
-9.425563812255859375e-01 -2.441781759262084961e-01 -5.090470425784587860e-03 -4.966778308153152466e-02 3.199149780273437500e+02
-9.771547913551330566e-01 1.863966286182403564e-01 -1.005724817514419556e-02 9.440784901380538940e-02 3.219148254394531250e+02
-9.786302447319030762e-01 -2.453038096427917480e-01 -6.164629012346267700e-04 -4.902514070272445679e-02 3.239149169921875000e+02
-1.004393577575683594e+00 1.848482787609100342e-01 -5.518977064639329910e-03 9.463753551244735718e-02 3.259148864746093750e+02
-9.969469308853149414e-01 -2.461512088775634766e-01 3.944776486605405807e-03 -4.894592612981796265e-02 3.279149475097656250e+02
-1.013672351837158203e+00 1.841000020503997803e-01 -9.498163126409053802e-04 9.441526979207992554e-02 3.299150390625000000e+02
-9.971619844436645508e-01 -2.463868856430053711e-01 8.491711691021919250e-03 -4.934700578451156616e-02 3.319150695800781250e+02
-1.004816532135009766e+00 1.842607855796813965e-01 3.557011019438505173e-03 9.389185160398483276e-02 3.339151916503906250e+02
-9.792765378952026367e-01 -2.461645305156707764e-01 1.294619590044021606e-02 -5.010285228490829468e-02 3.359151000976562500e+02
-9.779992699623107910e-01 1.850278675556182861e-01 7.935910485684871674e-03 9.309900552034378052e-02 3.379152526855468750e+02
-9.436253905296325684e-01 -2.457301318645477295e-01 1.724581047892570496e-02 -5.127719789743423462e-02 3.399150390625000000e+02
-9.337048530578613281e-01 1.863226294517517090e-01 1.211808994412422180e-02 9.192249923944473267e-02 3.419151611328125000e+02
-8.908383846282958984e-01 -2.449334859848022461e-01 2.131034061312675476e-02 -5.294211953878402710e-02 3.439147949218750000e+02
-8.727087378501892090e-01 1.883678734302520752e-01 1.601612940430641174e-02 9.036757797002792358e-02 3.459148559570312500e+02
-8.218435049057006836e-01 -2.435536086559295654e-01 2.505288645625114441e-02 -5.497517436742782593e-02 3.479143066406250000e+02
-7.960907220840454102e-01 1.911139488220214844e-01 1.955536939203739166e-02 8.856525272130966187e-02 3.499142761230468750e+02
-7.378747463226318359e-01 -2.417529225349426270e-01 2.841189503669738770e-02 -5.726166814565658569e-02 3.519135131835937500e+02
-7.052241563796997070e-01 1.942556202411651611e-01 2.268572896718978882e-02 8.652981370687484741e-02 3.539133911132812500e+02
-6.404360532760620117e-01 -2.396766543388366699e-01 3.133871033787727356e-02 -5.982369929552078247e-02 3.559124450683593750e+02
-6.017248034477233887e-01 1.977171003818511963e-01 2.535634115338325500e-02 8.420065790414810181e-02 3.579122009277343750e+02
-5.312522053718566895e-01 -2.371985316276550293e-01 3.377640619874000549e-02 -6.266123801469802856e-02 3.599110717773437500e+02
-4.874185621738433838e-01 2.015844881534576416e-01 2.751028165221214294e-02 8.161535114049911499e-02 3.619107360839843750e+02
-4.122541248798370361e-01 -2.342013716697692871e-01 3.567181527614593506e-02 -6.564571708440780640e-02 3.639094238281250000e+02
-3.643308579921722412e-01 2.057445347309112549e-01 2.910724282264709473e-02 7.889138907194137573e-02 3.659089965820312500e+02
-2.855588495731353760e-01 -2.308502495288848877e-01 3.699638321995735168e-02 -6.867537647485733032e-02 3.679075622558593750e+02
-2.346521914005279541e-01 2.099353969097137451e-01 3.012884594500064850e-02 7.605064660310745239e-02 3.699070434570312500e+02
-1.534195989370346069e-01 -2.272716462612152100e-01 3.773391246795654297e-02 -7.175401598215103149e-02 3.719055175781250000e+02
-1.006806641817092896e-01 2.140993177890777588e-01 3.055851161479949951e-02 7.307142764329910278e-02 3.739049377441406250e+02
-1.817321777343750000e-02 -2.233844399452209473e-01 3.786565363407135010e-02 -7.485095411539077759e-02 3.759033508300781250e+02
3.521756082773208618e-02 2.182823121547698975e-01 3.038055822253227234e-02 7.002290338277816772e-02 3.779027709960937500e+02
1.177874952554702759e-01 -2.191681861877441406e-01 3.738284856081008911e-02 -7.784446328878402710e-02 3.799011840820312500e+02
1.706342697143554688e-01 2.223554551601409912e-01 2.959840185940265656e-02 6.701668351888656616e-02 3.819006042480468750e+02
2.520482540130615234e-01 -2.148435711860656738e-01 3.630007058382034302e-02 -8.067689090967178345e-02 3.838990783691406250e+02
3.031622469425201416e-01 2.261610031127929688e-01 2.823238074779510498e-02 6.408108025789260864e-02 3.858985290527343750e+02
3.822265863418579102e-01 -2.105236947536468506e-01 3.464048728346824646e-02 -8.334932476282119751e-02 3.878970947265625000e+02
4.304539561271667480e-01 2.296841740608215332e-01 2.630555443465709686e-02 6.122455745935440063e-02 3.898966369628906250e+02
5.060194730758666992e-01 -2.061857283115386963e-01 3.242801129817962646e-02 -8.582753688097000122e-02 3.918953552246093750e+02
5.502563714981079102e-01 2.329868674278259277e-01 2.384525723755359650e-02 5.854321271181106567e-02 3.938949584960937500e+02
6.212344169616699219e-01 -2.019333541393280029e-01 2.969957888126373291e-02 -8.803287893533706665e-02 3.958938293457031250e+02
6.604403853416442871e-01 2.359701395034790039e-01 2.089628949761390686e-02 5.611862987279891968e-02 3.978935546875000000e+02
7.258217930793762207e-01 -1.979439556598663330e-01 2.650815248489379883e-02 -8.993095904588699341e-02 3.998926391601562500e+02
7.590444684028625488e-01 2.385530769824981689e-01 1.751505583524703979e-02 5.398390442132949829e-02 4.018924560546875000e+02
8.179244399070739746e-01 -1.943452060222625732e-01 2.291344664990901947e-02 -9.153769165277481079e-02 4.038917236328125000e+02
8.443179130554199219e-01 2.407590746879577637e-01 1.375967729836702347e-02 5.215144902467727661e-02 4.058916320800781250e+02
8.959100246429443359e-01 -1.911357045173645020e-01 1.897482201457023621e-02 -9.283364564180374146e-02 4.078911132812500000e+02
9.147472381591796875e-01 2.426536381244659424e-01 9.691457264125347137e-03 5.069883912801742554e-02 4.098911132812500000e+02
9.583940505981445312e-01 -1.884119212627410889e-01 1.476134173572063446e-02 -9.376610070466995239e-02 4.118907775878906250e+02
9.690765142440795898e-01 2.441659271717071533e-01 5.384731106460094452e-03 4.968217760324478149e-02 4.138908386230468750e+02
1.004262208938598633e+00 -1.863330602645874023e-01 1.035294868052005768e-02 -9.433592110872268677e-02 4.158906860351562500e+02
1.006335377693176270e+00 2.452475428581237793e-01 9.193560108542442322e-04 4.909477382898330688e-02 4.178907775878906250e+02
1.032698869705200195e+00 -1.849369108676910400e-01 5.828833673149347305e-03 -9.456997364759445190e-02 4.198907470703125000e+02
1.025863051414489746e+00 2.459562420845031738e-01 -3.628164064139127731e-03 4.893878847360610962e-02 4.218908081054687500e+02
1.043202161788940430e+00 -1.841935217380523682e-01 1.265714876353740692e-03 -9.445414692163467407e-02 4.238908691406250000e+02
1.027314305305480957e+00 2.463134229183197021e-01 -8.179700002074241638e-03 4.924704879522323608e-02 4.258908996582031250e+02
1.035585641860961914e+00 -1.841498911380767822e-01 -3.254995215684175491e-03 -9.396929293870925903e-02 4.278910217285156250e+02
1.010660767555236816e+00 2.462664246559143066e-01 -1.265192404389381409e-02 5.002341419458389282e-02 4.298909606933593750e+02
1.009982228279113770e+00 -1.848557293415069580e-01 -7.649582345038652420e-03 -9.313351660966873169e-02 4.318911132812500000e+02
9.761981964111328125e-01 2.457819283008575439e-01 -1.696293428540229797e-02 5.122325569391250610e-02 4.338908996582031250e+02
9.668486118316650391e-01 -1.862571835517883301e-01 -1.184060797095298767e-02 -9.197872132062911987e-02 4.358910217285156250e+02
9.245435595512390137e-01 2.449100315570831299e-01 -2.103848010301589966e-02 5.281843990087509155e-02 4.378906555175781250e+02
9.069553017616271973e-01 -1.882752180099487305e-01 -1.575663685798645020e-02 -9.050830453634262085e-02 4.398907165527343750e+02
8.566181659698486328e-01 2.436562478542327881e-01 -2.480746805667877197e-02 5.479279905557632446e-02 4.418901672363281250e+02
8.313664197921752930e-01 -1.908701062202453613e-01 -1.932818815112113953e-02 -8.872438222169876099e-02 4.438901672363281250e+02
7.736290097236633301e-01 2.419711053371429443e-01 -2.820062637329101562e-02 5.710131675004959106e-02 4.458894348144531250e+02
7.414227128028869629e-01 -1.939930617809295654e-01 -2.249049395322799683e-02 -8.666089922189712524e-02 4.478893127441406250e+02
6.770511269569396973e-01 2.398579418659210205e-01 -3.115658462047576904e-02 5.968088656663894653e-02 4.498883666992187500e+02
6.387221813201904297e-01 -1.975405812263488770e-01 -2.518849633634090424e-02 -8.435497432947158813e-02 4.518881530761718750e+02
5.686027407646179199e-01 2.373433411121368408e-01 -3.362399339675903320e-02 6.246938556432723999e-02 4.538870239257812500e+02
5.250883698463439941e-01 -2.013867199420928955e-01 -2.737705409526824951e-02 -8.183047920465469360e-02 4.558866882324218750e+02
4.502099752426147461e-01 2.344617247581481934e-01 -3.556010127067565918e-02 6.542842835187911987e-02 4.578853759765625000e+02
4.025361239910125732e-01 -2.054607570171356201e-01 -2.901725843548774719e-02 -7.911121100187301636e-02 4.598849487304687500e+02
3.239723145961761475e-01 2.311887145042419434e-01 -3.692837804555892944e-02 6.848863512277603149e-02 4.618835144042968750e+02
2.732354700565338135e-01 -2.096713781356811523e-01 -3.007951378822326660e-02 -7.624725252389907837e-02 4.638829956054687500e+02
1.921278536319732666e-01 2.275728583335876465e-01 -3.770424053072929382e-02 7.158356159925460815e-02 4.658814697265625000e+02
1.394783556461334229e-01 -2.139073610305786133e-01 -3.054588474333286285e-02 -7.328345626592636108e-02 4.678809204101562500e+02
5.701532959938049316e-02 2.236639857292175293e-01 -3.787422925233840942e-02 7.465245574712753296e-02 4.698793334960937500e+02
3.635335713624954224e-03 -2.180812060832977295e-01 -3.040898405015468597e-02 -7.027127593755722046e-02 4.718787536621093750e+02
-7.897129654884338379e-02 2.195414900779724121e-01 -3.743611276149749756e-02 7.764831930398941040e-02 4.738771667480468750e+02
-1.318872720003128052e-01 -2.221106290817260742e-01 -2.967128157615661621e-02 -6.724768131971359253e-02 4.758765869140625000e+02
-2.134224176406860352e-01 2.152469456195831299e-01 -3.639604896306991577e-02 8.052241057157516479e-02 4.778750610351562500e+02
-2.646880149841308594e-01 -2.259705364704132080e-01 -2.834380790591239929e-02 -6.428515166044235229e-02 4.798745117187500000e+02
-3.439560234546661377e-01 2.108724713325500488e-01 -3.477232158184051514e-02 8.321198076009750366e-02 4.818730773925781250e+02
-3.924121558666229248e-01 -2.295624613761901855e-01 -2.645112201571464539e-02 -6.143734604120254517e-02 4.838725891113281250e+02
-4.682564437389373779e-01 2.065284848213195801e-01 -3.259485587477684021e-02 8.568418771028518677e-02 4.858712768554687500e+02
-5.127927064895629883e-01 -2.328484058380126953e-01 -2.402643673121929169e-02 -5.875275284051895142e-02 4.878708801269531250e+02
-5.841190814971923828e-01 2.022953629493713379e-01 -2.990171313285827637e-02 8.790492266416549683e-02 4.898697509765625000e+02
-6.236931085586547852e-01 -2.358296811580657959e-01 -2.111122012138366699e-02 -5.630405992269515991e-02 4.918694763183593750e+02
-6.894901394844055176e-01 1.982978582382202148e-01 -2.674162574112415314e-02 8.983745425939559937e-02 4.938685302734375000e+02
-7.231442928314208984e-01 -2.384403645992279053e-01 -1.775788143277168274e-02 -5.412898212671279907e-02 4.958683471679687500e+02
-7.824984788894653320e-01 1.946338415145874023e-01 -2.317078039050102234e-02 9.147200733423233032e-02 4.978676147460937500e+02
-8.093777298927307129e-01 -2.407116293907165527e-01 -1.402357965707778931e-02 -5.228319019079208374e-02 4.998675231933593750e+02
-8.614927530288696289e-01 1.913789510726928711e-01 -1.925189793109893799e-02 9.277143329381942749e-02 5.018669738769531250e+02
-8.808598518371582031e-01 -2.426048517227172852e-01 -9.974754415452480316e-03 -5.081512778997421265e-02 5.038669738769531250e+02
-9.250683188438415527e-01 1.886501610279083252e-01 -1.505626738071441650e-02 9.372629970312118530e-02 5.058666381835937500e+02
-9.363168478012084961e-01 -2.441141009330749512e-01 -5.683637224137783051e-03 -4.975744336843490601e-02 5.078666992187500000e+02
-9.720950722694396973e-01 1.865238249301910400e-01 -1.065938174724578857e-02 9.433185309171676636e-02 5.098665161132812500e+02
-9.747620820999145508e-01 -2.452331483364105225e-01 -1.226196065545082092e-03 -4.912730306386947632e-02 5.118666076660156250e+02
-1.001737713813781738e+00 1.850422024726867676e-01 -6.138926371932029724e-03 9.458597749471664429e-02 5.138665771484375000e+02
-9.955115914344787598e-01 -2.459791004657745361e-01 3.319671377539634705e-03 -4.894768446683883667e-02 5.158666381835937500e+02
-1.013470053672790527e+00 1.842446923255920410e-01 -1.575096976011991501e-03 9.447967261075973511e-02 5.178666992187500000e+02
-9.981958270072937012e-01 -2.463360130786895752e-01 7.872870191931724548e-03 -4.922956973314285278e-02 5.198666992187500000e+02
-1.007083058357238770e+00 1.841704249382019043e-01 2.949913032352924347e-03 9.401816874742507935e-02 5.218668212890625000e+02
-9.827662706375122070e-01 -2.462930977344512939e-01 1.235172990709543228e-02 -4.996369034051895142e-02 5.238667602539062500e+02
-9.826908707618713379e-01 1.848153769969940186e-01 7.355360779911279678e-03 9.321229904890060425e-02 5.258668823242187500e+02
-9.494992494583129883e-01 -2.458468675613403320e-01 1.667659170925617218e-02 -5.112866312265396118e-02 5.278666992187500000e+02
-9.407289028167724609e-01 1.861476600170135498e-01 1.156372576951980591e-02 9.207581728696823120e-02 5.298668212890625000e+02
-8.989884257316589355e-01 -2.450047433376312256e-01 2.077130787074565887e-02 -5.270094424486160278e-02 5.318664550781250000e+02
-8.819440007209777832e-01 1.881129443645477295e-01 1.550121325999498367e-02 9.061307460069656372e-02 5.338665161132812500e+02
-8.321337699890136719e-01 -2.437474131584167480e-01 2.456252090632915497e-02 -5.464992672204971313e-02 5.358659667968750000e+02
-8.073810338973999023e-01 1.906768977642059326e-01 1.909752748906612396e-02 8.884961158037185669e-02 5.378659667968750000e+02
-7.501240968704223633e-01 -2.420750558376312256e-01 2.798248827457427979e-02 -5.692698806524276733e-02 5.398652343750000000e+02
-7.183644771575927734e-01 1.937470436096191406e-01 2.228979021310806274e-02 8.680469542741775513e-02 5.418651123046875000e+02
-6.544187068939208984e-01 -2.399916350841522217e-01 3.097026050090789795e-02 -5.948605388402938843e-02 5.438641967773437500e+02
-6.164757609367370605e-01 1.972535550594329834e-01 2.502165548503398895e-02 8.451031893491744995e-02 5.458639526367187500e+02
-5.467184782028198242e-01 -2.375104427337646484e-01 3.347268700599670410e-02 -6.227070838212966919e-02 5.478628540039062500e+02
-5.035233497619628906e-01 2.010990083217620850e-01 2.724561654031276703e-02 8.199811726808547974e-02 5.498625488281250000e+02
-4.289364218711853027e-01 -2.346267700195312500e-01 3.544542938470840454e-02 -6.520708650350570679e-02 5.518612670898437500e+02
-3.815083503723144531e-01 2.051341235637664795e-01 2.892472036182880402e-02 7.928898185491561890e-02 5.538608398437500000e+02
-3.031621575355529785e-01 -2.313845157623291016e-01 3.685361891984939575e-02 -6.826407462358474731e-02 5.558594360351562500e+02
-2.525943517684936523e-01 2.093323171138763428e-01 3.002721071243286133e-02 7.642722874879837036e-02 5.578589477539062500e+02
-1.716251671314239502e-01 -2.277722060680389404e-01 3.766993433237075806e-02 -7.135490328073501587e-02 5.598574218750000000e+02
-1.190641671419143677e-01 2.135654687881469727e-01 3.053444437682628632e-02 7.346849888563156128e-02 5.618568725585937500e+02
-3.665816783905029297e-02 -2.238804996013641357e-01 3.788129240274429321e-02 -7.442628592252731323e-02 5.638552856445312500e+02
1.671430468559265137e-02 2.177372872829437256e-01 3.043866343796253204e-02 7.045344263315200806e-02 5.658546752929687500e+02
9.934587776660919189e-02 -2.197648286819458008e-01 3.748400881886482239e-02 -7.743083685636520386e-02 5.678530883789062500e+02
1.523353010416030884e-01 2.217873930931091309e-01 2.974092587828636169e-02 6.743054836988449097e-02 5.698524780273437500e+02
2.339773178100585938e-01 -2.154788076877593994e-01 3.648398071527481079e-02 -8.031321316957473755e-02 5.718509521484375000e+02
2.853955328464508057e-01 2.256557941436767578e-01 2.845265902578830719e-02 6.446122378110885620e-02 5.738504028320312500e+02
3.648496270179748535e-01 -2.110941410064697266e-01 3.489878028631210327e-02 -8.300814777612686157e-02 5.758489379882812500e+02
4.135364592075347900e-01 2.292496263980865479e-01 2.659796550869941711e-02 6.160327047109603882e-02 5.778484497070312500e+02
4.896429777145385742e-01 -2.067488133907318115e-01 3.275829181075096130e-02 -8.549638837575912476e-02 5.798471069335937500e+02
5.344840288162231445e-01 2.325561046600341797e-01 2.420865371823310852e-02 5.890547484159469604e-02 5.818467407226562500e+02
6.061453819274902344e-01 -2.025098800659179688e-01 3.009920194745063782e-02 -8.773898333311080933e-02 5.838455810546875000e+02
6.460928916931152344e-01 2.355631291866302490e-01 2.132530324161052704e-02 5.643669515848159790e-02 5.858452758789062500e+02
7.122912406921386719e-01 -1.984930634498596191e-01 2.696897275745868683e-02 -8.969668298959732056e-02 5.878442993164062500e+02
7.463805675506591797e-01 2.382080554962158203e-01 1.799930445849895477e-02 5.423939973115921021e-02 5.898441162109375000e+02
8.061941862106323242e-01 -1.947857439517974854e-01 2.342324517667293549e-02 -9.134491533041000366e-02 5.918433837890625000e+02
8.335631489753723145e-01 2.405032515525817871e-01 1.428875327110290527e-02 5.237906426191329956e-02 5.938432617187500000e+02
8.861875534057617188e-01 -1.915224194526672363e-01 1.952666044235229492e-02 -9.266769140958786011e-02 5.958427124023437500e+02
9.060897827148437500e-01 2.424176633358001709e-01 1.025989092886447906e-02 5.088488012552261353e-02 5.978427124023437500e+02
9.508497118949890137e-01 -1.887683570384979248e-01 1.534837856888771057e-02 -9.365325421094894409e-02 5.998423461914062500e+02
9.626706242561340332e-01 2.439588308334350586e-01 5.983052775263786316e-03 4.979317635297775269e-02 6.018424072265625000e+02
9.990320801734924316e-01 -1.865923106670379639e-01 1.096237078309059143e-02 -9.428796917200088501e-02 6.038422241210937500e+02
1.002298235893249512e+00 2.451249957084655762e-01 1.533573493361473083e-03 4.913777858018875122e-02 6.058422851562500000e+02
1.029877901077270508e+00 -1.850669682025909424e-01 6.447351537644863129e-03 -9.456373006105422974e-02 6.078422241210937500e+02
1.024266242980957031e+00 2.459035515785217285e-01 -3.009021282196044922e-03 4.893647879362106323e-02 6.098422851562500000e+02
1.042838454246520996e+00 -1.842434406280517578e-01 1.884626690298318863e-03 -9.448265284299850464e-02 6.118423461914062500e+02
1.028183341026306152e+00 2.462824881076812744e-01 -7.563638966530561447e-03 4.918646067380905151e-02 6.138424072265625000e+02
1.037683725357055664e+00 -1.841290593147277832e-01 -2.644992899149656296e-03 -9.405169636011123657e-02 6.158425292968750000e+02
1.013980865478515625e+00 2.462765574455261230e-01 -1.205016300082206726e-02 4.988767951726913452e-02 6.178424682617187500e+02
1.014506936073303223e+00 -1.847226321697235107e-01 -7.061394862830638885e-03 -9.327309578657150269e-02 6.198425903320312500e+02
9.819124341011047363e-01 2.458762526512145996e-01 -1.638870500028133392e-02 5.102949589490890503e-02 6.218424072265625000e+02
9.737207889556884766e-01 -1.860133707523345947e-01 -1.128575578331947327e-02 -9.215601533651351929e-02 6.238425292968750000e+02
9.325495958328247070e-01 2.450625300407409668e-01 -2.050135657191276550e-02 5.258127301931381226e-02 6.258421630859375000e+02
9.160508513450622559e-01 -1.879584491252899170e-01 -1.524322852492332458e-02 -9.071957319974899292e-02 6.278422241210937500e+02
8.667719364166259766e-01 2.438414394855499268e-01 -2.431518584489822388e-02 5.450760573148727417e-02 6.298416748046875000e+02
8.425232768058776855e-01 -1.904935538768768311e-01 -1.886442489922046661e-02 -8.898148685693740845e-02 6.318416748046875000e+02
7.857506871223449707e-01 2.422159612178802490e-01 -2.776257321238517761e-02 5.676939338445663452e-02 6.338409423828125000e+02
7.544449567794799805e-01 -1.935486495494842529e-01 -2.208563312888145447e-02 -8.696108311414718628e-02 6.358408203125000000e+02
6.909271478652954102e-01 2.401739060878753662e-01 -3.078174218535423279e-02 5.931334942579269409e-02 6.378399047851562500e+02
6.533793807029724121e-01 -1.970372200012207031e-01 -2.485040761530399323e-02 -8.468764275312423706e-02 6.398397216796875000e+02
5.839860439300537109e-01 2.377204596996307373e-01 -3.331917151808738708e-02 6.207860261201858521e-02 6.418386230468750000e+02
5.411188602447509766e-01 -2.008465230464935303e-01 -2.711131051182746887e-02 -8.218792825937271118e-02 6.438383178710937500e+02
4.668256044387817383e-01 2.348840832710266113e-01 -3.533010184764862061e-02 6.502018123865127563e-02 6.458370361328125000e+02
4.196538627147674561e-01 -2.048906385898590088e-01 -2.882808446884155273e-02 -7.948517054319381714e-02 6.478366088867187500e+02
3.415251374244689941e-01 2.316513657569885254e-01 -3.677660226821899414e-02 6.807444244623184204e-02 6.498352050781250000e+02
2.911379933357238770e-01 -2.091067731380462646e-01 -2.996915765106678009e-02 -7.664204388856887817e-02 6.518347167968750000e+02
2.103073596954345703e-01 2.280683219432830811e-01 -3.763336315751075745e-02 7.115747779607772827e-02 6.538331909179687500e+02
1.578490734100341797e-01 -2.133350372314453125e-01 -3.051761537790298462e-02 -7.369818538427352905e-02 6.558326416015625000e+02
7.549975067377090454e-02 2.242224812507629395e-01 -3.788743540644645691e-02 7.423465698957443237e-02 6.578310546875000000e+02
2.214916422963142395e-02 -2.175053954124450684e-01 -3.046396933495998383e-02 -7.068056613206863403e-02 6.598304443359375000e+02
-6.050980463624000549e-02 2.201315462589263916e-01 -3.753202408552169800e-02 7.726023346185684204e-02 6.618288574218750000e+02
-1.135585755109786987e-01 -2.215922474861145020e-01 -2.980600111186504364e-02 -6.765221804380416870e-02 6.638282470703125000e+02
-1.953111290931701660e-01 2.158226072788238525e-01 -3.657122328877449036e-02 8.014219254255294800e-02 6.658267211914062500e+02
-2.468694448471069336e-01 -2.254772186279296875e-01 -2.855700254440307617e-02 -6.469034403562545776e-02 6.678261718750000000e+02
-3.265142142772674561e-01 2.114677429199218750e-01 -3.502603620290756226e-02 8.284825831651687622e-02 6.698247070312500000e+02
-3.754181563854217529e-01 -2.290743887424468994e-01 -2.674121037125587463e-02 -6.182111054658889771e-02 6.718242187500000000e+02
-4.517934620380401611e-01 2.071324288845062256e-01 -3.292332217097282410e-02 8.536291867494583130e-02 6.738228759765625000e+02
-4.969261884689331055e-01 -2.324092984199523926e-01 -2.438702993094921112e-02 -5.910024791955947876e-02 6.758224487304687500e+02
-5.689294338226318359e-01 2.028624415397644043e-01 -3.029705584049224854e-02 8.762786537408828735e-02 6.778212890625000000e+02
-6.092373132705688477e-01 -2.354556322097778320e-01 -2.153426781296730042e-02 -5.661521106958389282e-02 6.798209838867187500e+02
-6.758426427841186523e-01 1.988073289394378662e-01 -2.719578891992568970e-02 8.959356695413589478e-02 6.818200073242187500e+02
-7.103541493415832520e-01 -2.381268739700317383e-01 -1.823643222451210022e-02 -5.441553145647048950e-02 6.838198242187500000e+02
-7.706336975097656250e-01 1.951087713241577148e-01 -2.367798611521720886e-02 9.125698357820510864e-02 6.858190307617187500e+02
-7.984798550605773926e-01 -2.404043376445770264e-01 -1.455228775739669800e-02 -5.251852422952651978e-02 6.878189086914062500e+02
-8.516212701797485352e-01 1.918163299560546875e-01 -1.980414055287837982e-02 9.261783212423324585e-02 6.898183593750000000e+02
-8.720490932464599609e-01 -2.423615455627441406e-01 -1.054235734045505524e-02 -5.098465830087661743e-02 6.918183593750000000e+02
-9.173682332038879395e-01 1.889820694923400879e-01 -1.564082317054271698e-02 9.362281113862991333e-02 6.938179931640625000e+02
-9.297527074813842773e-01 -2.439424991607666016e-01 -6.278541870415210724e-03 -4.987312108278274536e-02 6.958180541992187500e+02
-9.667034745216369629e-01 1.867608726024627686e-01 -1.126585341989994049e-02 9.426742047071456909e-02 6.978178710937500000e+02
-9.705597758293151855e-01 -2.451087236404418945e-01 -1.839111559092998505e-03 -4.919259995222091675e-02 6.998179321289062500e+02
-9.987488389015197754e-01 1.852093636989593506e-01 -6.758371833711862564e-03 9.456747025251388550e-02 7.018178710937500000e+02
-9.937449693679809570e-01 -2.458882033824920654e-01 2.698375377804040909e-03 -4.894606024026870728e-02 7.038179321289062500e+02
-1.012936949729919434e+00 1.843219995498657227e-01 -2.196230925619602203e-03 9.451869875192642212e-02 7.058179931640625000e+02
-9.988972544670104980e-01 -2.463101148605346680e-01 7.255638949573040009e-03 -4.915995150804519653e-02 7.078180541992187500e+02
-1.009016513824462891e+00 1.841326951980590820e-01 2.339643891900777817e-03 9.410511702299118042e-02 7.098181762695312500e+02
-9.859240055084228516e-01 -2.463309168815612793e-01 1.175015605986118317e-02 -4.983667284250259399e-02 7.118181152343750000e+02
-9.870555996894836426e-01 1.846772432327270508e-01 6.766488775610923767e-03 9.333910793066024780e-02 7.138182373046875000e+02
-9.550554156303405762e-01 -2.459307610988616943e-01 1.610039919614791870e-02 -5.094812065362930298e-02 7.158180541992187500e+02
-9.474458694458007812e-01 1.859257817268371582e-01 1.100558694452047348e-02 9.224394708871841431e-02 7.178181762695312500e+02
-9.068436622619628906e-01 -2.451282441616058350e-01 2.022998221218585968e-02 -5.246292799711227417e-02 7.198178710937500000e+02
-8.908942937850952148e-01 1.878165006637573242e-01 1.498368941247463226e-02 9.083432704210281372e-02 7.218179321289062500e+02
-8.421484827995300293e-01 -2.439500987529754639e-01 2.406712248921394348e-02 -5.436403304338455200e-02 7.238174438476562500e+02
-8.184068202972412109e-01 1.902957260608673096e-01 1.863071881234645844e-02 8.910817652940750122e-02 7.258174438476562500e+02
-7.621212601661682129e-01 -2.423313260078430176e-01 2.754153683781623840e-02 -5.659983307123184204e-02 7.278167724609375000e+02
-7.312691211700439453e-01 1.933081448078155518e-01 2.188155427575111389e-02 8.710300177335739136e-02 7.298167114257812500e+02
-6.681833267211914062e-01 -2.403099834918975830e-01 3.059185482561588287e-02 -5.912447720766067505e-02 7.318157958984375000e+02
-6.310288906097412109e-01 1.967536807060241699e-01 2.467940747737884521e-02 8.483580499887466431e-02 7.338156127929687500e+02
-5.620056986808776855e-01 -2.378709018230438232e-01 3.316298872232437134e-02 -6.188096851110458374e-02 7.358145141601562500e+02
-5.194659233093261719e-01 2.005491256713867188e-01 2.697489224374294281e-02 8.234366029500961304e-02 7.378142089843750000e+02
-4.454750716686248779e-01 -2.350264191627502441e-01 3.520925715565681458e-02 -6.480104476213455200e-02 7.398129272460937500e+02
-3.985591828823089600e-01 2.045795917510986328e-01 2.872915193438529968e-02 7.966578751802444458e-02 7.418125000000000000e+02
-3.206592500209808350e-01 -2.318381965160369873e-01 3.669572994112968445e-02 -6.784171611070632935e-02 7.438110961914062500e+02
-2.704524695873260498e-01 2.087563872337341309e-01 2.991155907511711121e-02 7.682619243860244751e-02 7.458106079101562500e+02
-1.897719800472259521e-01 -2.282851934432983398e-01 3.759417682886123657e-02 -7.093202322721481323e-02 7.478090820312500000e+02
-1.374137252569198608e-01 2.129827439785003662e-01 3.050097450613975525e-02 7.387392967939376831e-02 7.498085327148437500e+02
-5.513285845518112183e-02 -2.244257926940917969e-01 3.788836672902107239e-02 -7.401295751333236694e-02 7.518069458007812500e+02
-1.800727099180221558e-03 2.171701490879058838e-01 3.048707172274589539e-02 7.085881382226943970e-02 7.538063354492187500e+02
8.087089657783508301e-02 -2.203239500522613525e-01 3.757295385003089905e-02 -7.702931016683578491e-02 7.558047485351562500e+02
1.339822709560394287e-01 2.212568819522857666e-01 2.987002208828926086e-02 6.784339994192123413e-02 7.578041381835937500e+02
2.158292531967163086e-01 -2.160594463348388672e-01 3.665436059236526489e-02 -7.992007583379745483e-02 7.598026123046875000e+02
2.675301432609558105e-01 2.251305282115936279e-01 2.866235375404357910e-02 6.486665457487106323e-02 7.618020629882812500e+02
3.473508059978485107e-01 -2.117094993591308594e-01 3.514901921153068542e-02 -8.265201002359390259e-02 7.638005981445312500e+02
3.964765071868896484e-01 2.287615835666656494e-01 2.688381820917129517e-02 6.197815388441085815e-02 7.658001098632812500e+02
4.731055498123168945e-01 -2.073391377925872803e-01 3.308163210749626160e-02 -8.518067747354507446e-02 7.677987670898437500e+02
5.185341835021972656e-01 2.321366965770721436e-01 2.456356398761272430e-02 5.925493687391281128e-02 7.697983398437500000e+02
5.908630490303039551e-01 -2.030641436576843262e-01 3.048905730247497559e-02 -8.745346218347549438e-02 7.717971801757812500e+02
6.315347552299499512e-01 2.351883053779602051e-01 2.174371108412742615e-02 5.675917118787765503e-02 7.737968750000000000e+02
6.985320448875427246e-01 -1.990136504173278809e-01 2.741962857544422150e-02 -8.944126218557357788e-02 7.757958984375000000e+02
7.334705591201782227e-01 2.378715276718139648e-01 1.847550272941589355e-02 5.453128367662429810e-02 7.777957153320312500e+02
7.942025661468505859e-01 -1.952894032001495361e-01 2.392863109707832336e-02 -9.113650768995285034e-02 7.797949218750000000e+02
8.225319385528564453e-01 2.401954829692840576e-01 1.481498032808303833e-02 5.260836333036422729e-02 7.817947998046875000e+02
8.761777281761169434e-01 -1.919504404067993164e-01 2.007581666111946106e-02 -9.251765161752700806e-02 7.837942504882812500e+02
8.971354961395263672e-01 2.421892881393432617e-01 1.082405168563127518e-02 5.105724185705184937e-02 7.857942504882812500e+02
9.430006742477416992e-01 -1.890908479690551758e-01 1.592977531254291534e-02 -9.354128688573837280e-02 7.877938842773437500e+02
9.559521675109863281e-01 2.437878549098968506e-01 6.575646810233592987e-03 4.992180317640304565e-02 7.897939453125000000e+02
9.934816360473632812e-01 -1.868493258953094482e-01 1.156782731413841248e-02 -9.421565383672714233e-02 7.917937622070312500e+02
9.979330897331237793e-01 2.449820339679718018e-01 2.146261744201183319e-03 4.920696467161178589e-02 7.937938232421875000e+02
1.026723742485046387e+00 -1.852521598339080811e-01 7.066958118230104446e-03 -9.454766660928726196e-02 7.957937622070312500e+02
1.022332787513732910e+00 2.458091676235198975e-01 -2.387809101492166519e-03 4.893162101507186890e-02 7.977938232421875000e+02
1.042137980461120605e+00 -1.843134164810180664e-01 2.505353186279535294e-03 -9.452130645513534546e-02 7.997938842773437500e+02
1.028717398643493652e+00 2.462647259235382080e-01 -6.946777459233999252e-03 4.912187904119491577e-02 8.017939453125000000e+02
1.039449810981750488e+00 -1.840902566909790039e-01 -2.034589648246765137e-03 -9.413092583417892456e-02 8.037940673828125000e+02
1.016971588134765625e+00 2.463113665580749512e-01 -1.144768204540014267e-02 4.977136105298995972e-02 8.057940063476562500e+02
1.018706202507019043e+00 -1.846028864383697510e-01 -6.470545660704374313e-03 -9.339409321546554565e-02 8.077941284179687500e+02
9.873052835464477539e-01 2.459495067596435547e-01 -1.580995507538318634e-02 5.085466057062149048e-02 8.097939453125000000e+02
9.802785515785217285e-01 -1.858141422271728516e-01 -1.072448864579200745e-02 -9.232831746339797974e-02 8.117940673828125000e+02
9.402496218681335449e-01 2.451918721199035645e-01 -1.995732076466083527e-02 5.234453827142715454e-02 8.137937622070312500e+02
9.248519539833068848e-01 -1.876657307147979736e-01 -1.472286693751811981e-02 -9.094252437353134155e-02 8.157938232421875000e+02
8.766427636146545410e-01 2.440502345561981201e-01 -2.381711825728416443e-02 5.422385782003402710e-02 8.177933349609375000e+02
8.534111380577087402e-01 -1.901098191738128662e-01 -1.839473284780979156e-02 -8.923580497503280640e-02 8.197933349609375000e+02
7.976160049438476562e-01 2.424669265747070312e-01 -2.731831371784210205e-02 5.644523352384567261e-02 8.217926635742187500e+02
7.672238349914550781e-01 -1.930992305278778076e-01 -2.167379111051559448e-02 -8.724581450223922729e-02 8.237926025390625000e+02
7.045742273330688477e-01 2.404606342315673828e-01 -3.039837256073951721e-02 5.895037204027175903e-02 8.257916870117187500e+02
6.678217649459838867e-01 -1.965312957763671875e-01 -2.450333535671234131e-02 -8.500502258539199829e-02 8.277915039062500000e+02
5.991727709770202637e-01 2.380641102790832520e-01 -3.300383687019348145e-02 6.168962270021438599e-02 8.297904052734375000e+02
5.569705367088317871e-01 -2.003063559532165527e-01 -2.683487534523010254e-02 -8.253585547208786011e-02 8.317901000976562500e+02
4.832838177680969238e-01 2.352869808673858643e-01 -3.508846089243888855e-02 6.461431831121444702e-02 8.337888183593750000e+02
4.366355240345001221e-01 -2.043362259864807129e-01 -2.862702868878841400e-02 -7.986243814229965210e-02 8.357883911132812500e+02
3.589640259742736816e-01 2.320993244647979736e-01 -3.661327064037322998e-02 6.764736026525497437e-02 8.377869873046875000e+02
3.089482188224792480e-01 -2.085216641426086426e-01 -2.984853461384773254e-02 -7.704149931669235229e-02 8.397864990234375000e+02
2.284171283245086670e-01 2.285883426666259766e-01 -3.755268454551696777e-02 7.073699682950973511e-02 8.417849731445312500e+02
1.761721223592758179e-01 -2.127421796321868896e-01 -3.047898411750793457e-02 -7.409387081861495972e-02 8.437844238281250000e+02
9.395924955606460571e-02 2.247538268566131592e-01 -3.788837045431137085e-02 7.382603734731674194e-02 8.457828369140625000e+02
4.065988585352897644e-02 -2.169609367847442627e-01 -3.050576709210872650e-02 -7.109137624502182007e-02 8.477822265625000000e+02
-4.202818498015403748e-02 2.206787467002868652e-01 -3.761490434408187866e-02 7.684547454118728638e-02 8.497806396484375000e+02
-9.518799185752868652e-02 -2.210430800914764404e-01 -2.993035688996315002e-02 -6.807210296392440796e-02 8.517800292968750000e+02
-1.771341860294342041e-01 2.164316475391387939e-01 -3.673756867647171021e-02 7.975371927022933960e-02 8.537784423828125000e+02
-2.289642393589019775e-01 -2.249348461627960205e-01 -2.876219525933265686e-02 -6.508132070302963257e-02 8.557778930664062500e+02
-3.089648783206939697e-01 2.120706737041473389e-01 -3.527032583951950073e-02 8.250463753938674927e-02 8.577764282226562500e+02
-3.582970201969146729e-01 -2.286199033260345459e-01 -2.701986208558082581e-02 -6.219621747732162476e-02 8.597759399414062500e+02
-4.351838231086730957e-01 2.076926231384277344e-01 -3.323948383331298828e-02 8.503212779760360718e-02 8.617745971679687500e+02
-4.808927476406097412e-01 -2.319892942905426025e-01 -2.473627030849456787e-02 -5.946912616491317749e-02 8.637741699218750000e+02
-5.535520911216735840e-01 2.034336030483245850e-01 -3.068318217992782593e-02 8.732118457555770874e-02 8.657730102539062500e+02
-5.945750474929809570e-01 -2.350355684757232666e-01 -2.195106446743011475e-02 -5.694473534822463989e-02 8.677727050781250000e+02
-6.619715690612792969e-01 1.993716359138488770e-01 -2.764553762972354889e-02 8.934811502695083618e-02 8.697717285156250000e+02
-6.973260641098022461e-01 -2.377665042877197266e-01 -1.871072500944137573e-02 -5.468200892210006714e-02 8.717715454101562500e+02
-7.585178017616271973e-01 1.955748200416564941e-01 -2.417892590165138245e-02 9.106054157018661499e-02 8.737707519531250000e+02
-7.873191833496093750e-01 -2.401385605335235596e-01 -1.507287193089723587e-02 -5.275017768144607544e-02 8.757706298828125000e+02
-8.414748907089233398e-01 1.922067999839782715e-01 -2.034788951277732849e-02 9.244570881128311157e-02 8.777700195312500000e+02
-8.629511594772338867e-01 -2.421241402626037598e-01 -1.110331807285547256e-02 -5.118084698915481567e-02 8.797700195312500000e+02
-9.093682765960693359e-01 1.893469691276550293e-01 -1.622140221297740936e-02 9.349843114614486694e-02 8.817696533203125000e+02
-9.228774309158325195e-01 -2.437290251255035400e-01 -6.871558725833892822e-03 -5.000074952840805054e-02 8.837697143554687500e+02
-9.609927535057067871e-01 1.870434880256652832e-01 -1.187163405120372772e-02 9.420635551214218140e-02 8.857694702148437500e+02
-9.660324454307556152e-01 -2.449671328067779541e-01 -2.450997941195964813e-03 -4.924858361482620239e-02 8.877695312500000000e+02
-9.954310655593872070e-01 1.853661537170410156e-01 -7.375856395810842514e-03 9.455420821905136108e-02 8.897694702148437500e+02
-9.916465282440185547e-01 -2.458262443542480469e-01 2.079564612358808517e-03 -4.895403236150741577e-02 8.917695312500000000e+02
-1.012069940567016602e+00 1.843888461589813232e-01 -2.815838903188705444e-03 9.453979879617691040e-02 8.937695922851562500e+02
-9.992628097534179688e-01 -2.462740838527679443e-01 6.638141348958015442e-03 -4.911146312952041626e-02 8.957696533203125000e+02
-1.010613441467285156e+00 1.841274797916412354e-01 1.726994756609201431e-03 9.417691081762313843e-02 8.977697753906250000e+02
-9.887467622756958008e-01 -2.463330626487731934e-01 1.114468649029731750e-02 -4.971613734960556030e-02 8.997697143554687500e+02
-9.910896420478820801e-01 1.845665574073791504e-01 6.173072848469018936e-03 9.346698969602584839e-02 9.017698364257812500e+02
-9.602872729301452637e-01 -2.460083365440368652e-01 1.551977172493934631e-02 -5.076647549867630005e-02 9.037697143554687500e+02
-9.538468718528747559e-01 1.857093870639801025e-01 1.044312398880720139e-02 9.241663664579391479e-02 9.057698364257812500e+02
-9.143911004066467285e-01 -2.452732622623443604e-01 1.968478783965110779e-02 -5.223343521356582642e-02 9.077695312500000000e+02
-8.995466232299804688e-01 1.875117719173431396e-01 1.446144469082355499e-02 9.103960543870925903e-02 9.097696533203125000e+02
-8.518755435943603516e-01 -2.441259920597076416e-01 2.356540411710739136e-02 -5.408466607332229614e-02 9.117691650390625000e+02
-8.291549086570739746e-01 1.899237036705017090e-01 1.815693825483322144e-02 8.935681730508804321e-02 9.137691650390625000e+02
-7.738537788391113281e-01 -2.425777018070220947e-01 2.709262073040008545e-02 -5.628422647714614868e-02 9.157684936523437500e+02
-7.439240217208862305e-01 1.928813457489013672e-01 2.146419882774353027e-02 8.738832920789718628e-02 9.177684326171875000e+02
-6.817152500152587891e-01 -2.405897676944732666e-01 3.020303323864936829e-02 -5.875990539789199829e-02 9.197675781250000000e+02
-6.453663706779479980e-01 1.962608695030212402e-01 2.432704344391822815e-02 8.516388386487960815e-02 9.217673950195312500e+02
-5.770968198776245117e-01 -2.382306754589080811e-01 3.284343332052230835e-02 -6.148778647184371948e-02 9.237662963867187500e+02
-5.352320075035095215e-01 1.999971866607666016e-01 2.669465541839599609e-02 8.269368857145309448e-02 9.257659912109375000e+02
-4.618564546108245850e-01 -2.354537546634674072e-01 3.496402502059936523e-02 -6.440674513578414917e-02 9.277647705078125000e+02
-4.154736399650573730e-01 2.040339410305023193e-01 2.852335013449192047e-02 8.003448694944381714e-02 9.297643432617187500e+02
-3.380395770072937012e-01 -2.322809398174285889e-01 3.652679920196533203e-02 -6.742718070745468140e-02 9.317629394531250000e+02
-2.882148325443267822e-01 2.081999182701110840e-01 2.978408150374889374e-02 7.722357660531997681e-02 9.337624511718750000e+02
-2.078447043895721436e-01 -2.287831604480743408e-01 3.750643879175186157e-02 -7.050503045320510864e-02 9.357609252929687500e+02
-1.557116359472274780e-01 2.124047577381134033e-01 3.045593574643135071e-02 7.428696006536483765e-02 9.377603759765625000e+02
-7.357855886220932007e-02 -2.249807119369506836e-01 3.788463026285171509e-02 -7.359460741281509399e-02 9.397587890625000000e+02
-2.030935138463973999e-02 2.165997922420501709e-01 3.052517026662826538e-02 7.127248495817184448e-02 9.417581787109375000e+02
6.238140165805816650e-02 -2.209062576293945312e-01 3.765241801738739014e-02 -7.662957161664962769e-02 9.437565917968750000e+02
1.155934780836105347e-01 2.207109034061431885e-01 2.998946048319339752e-02 6.824692338705062866e-02 9.457559814453125000e+02
1.976245641708374023e-01 -2.166401445865631104e-01 3.681415319442749023e-02 -7.953999191522598267e-02 9.477543945312500000e+02
2.495869100093841553e-01 2.246159911155700684e-01 2.886015363037586212e-02 6.525779515504837036e-02 9.497538452148437500e+02
3.297514617443084717e-01 -2.122787237167358398e-01 3.538593277335166931e-02 -8.228980749845504761e-02 9.517523803710937500e+02
3.792939782142639160e-01 2.282986044883728027e-01 2.715695276856422424e-02 6.237231940031051636e-02 9.537518920898437500e+02
4.564226567745208740e-01 -2.079318761825561523e-01 3.339418396353721619e-02 -8.483891934156417847e-02 9.557505493164062500e+02
5.024170279502868652e-01 2.316769063472747803e-01 2.491029165685176849e-02 5.962050706148147583e-02 9.577501220703125000e+02
5.753929615020751953e-01 -2.036595940589904785e-01 3.087234310805797577e-02 -8.716184645891189575e-02 9.597489013671875000e+02
6.167715787887573242e-01 2.347795069217681885e-01 2.215615846216678619e-02 5.707585066556930542e-02 9.617485961914062500e+02
6.845524311065673828e-01 -1.995468139648437500e-01 2.786374464631080627e-02 -8.919795602560043335e-02 9.637475585937500000e+02
7.203257679939270020e-01 2.375378608703613281e-01 1.894394867122173309e-02 5.480714887380599976e-02 9.657473144531250000e+02
7.819609045982360840e-01 -1.957502365112304688e-01 2.442466467618942261e-02 -9.092584997415542603e-02 9.677465209960937500e+02
8.112362027168273926e-01 2.399274408817291260e-01 1.533207949250936508e-02 5.286144465208053589e-02 9.697463989257812500e+02
8.658890724182128906e-01 -1.923809051513671875e-01 2.061822451651096344e-02 -9.233687072992324829e-02 9.717457885742187500e+02
8.878886103630065918e-01 2.419163882732391357e-01 1.138453744351863861e-02 5.125046521425247192e-02 9.737457885742187500e+02
9.348472356796264648e-01 -1.894726157188415527e-01 1.650958508253097534e-02 -9.342674165964126587e-02 9.757453613281250000e+02
9.489202499389648438e-01 2.435832619667053223e-01 7.166910916566848755e-03 5.004230886697769165e-02 9.777454223632812500e+02
9.876116514205932617e-01 -1.871129572391510010e-01 1.217114180326461792e-02 -9.415519982576370239e-02 9.797451782226562500e+02
9.932433962821960449e-01 2.448629736900329590e-01 2.755621448159217834e-03 4.927433282136917114e-02 9.817452392578125000e+02
1.023240804672241211e+00 -1.854071319103240967e-01 7.683055009692907333e-03 -9.451817721128463745e-02 9.837451782226562500e+02
1.020066618919372559e+00 2.457275688648223877e-01 -1.768762711435556412e-03 4.895281046628952026e-02 9.857452392578125000e+02
1.041101813316345215e+00 -1.844097375869750977e-01 3.126518335193395615e-03 -9.453672915697097778e-02 9.877453002929687500e+02
1.028913974761962891e+00 2.462024986743927002e-01 -6.327154580503702164e-03 4.906997829675674438e-02 9.897453613281250000e+02
1.040879487991333008e+00 -1.840920150279998779e-01 -1.420156564563512802e-03 -9.420823305845260620e-02 9.917454833984375000e+02
1.019629955291748047e+00 2.463186681270599365e-01 -1.084098033607006073e-02 4.964647442102432251e-02 9.937454833984375000e+02
1.022578835487365723e+00 -1.844806373119354248e-01 -5.876332987099885941e-03 -9.352231770753860474e-02 9.957456054687500000e+02
9.923784732818603516e-01 2.460429072380065918e-01 -1.522856578230857849e-02 5.068146437406539917e-02 9.977454833984375000e+02
9.865239858627319336e-01 -1.855995357036590576e-01 -1.016041915863752365e-02 -9.249099344015121460e-02 9.997456054687500000e+02
