0.000000000000000000e+00 0.000000000000000000e+00 3.300000000000000155e-02 0.000000000000000000e+00 0.000000000000000000e+00
3.299401082611982255e-02 4.017557436081202124e-03 3.300000000000000155e-02 4.580015477132571081e-03 9.994555494115813232e-01
6.618879015596820792e-02 -2.847752947475243063e-03 3.322900077385663314e-02 1.180219324529578704e-03 1.998904471056485832e+00
9.926936716444073605e-02 -5.480893152137226131e-03 3.328801174008311214e-02 -1.969367424469794462e-03 2.998357169136304456e+00
1.322773387117455179e-01 -5.106287966663825527e-03 3.318954336885962531e-02 -4.691232945092926702e-03 3.997812295149877126e+00
1.652056153249183146e-01 -2.749055414276873905e-03 3.295498172160497841e-02 -6.867040806466708121e-03 4.997270045024642116e+00
1.980172542109569500e-01 7.184989391302549306e-04 3.261162968128164530e-02 -8.464525327716361514e-03 5.996731607690699128e+00
2.306590095335252499e-01 4.591094299327332443e-03 3.218840341489583035e-02 -9.528793222859622061e-03 6.996198724258354318e+00
2.630712906766142778e-01 8.346836574543546258e-03 3.171196375375284759e-02 -1.016047724302288242e-02 7.995673334604444626e+00
2.951950715120810198e-01 1.164981538252154829e-02 3.120393989160170217e-02 -1.048932299954736559e-02 8.995157319908379634e+00
3.269761550549597495e-01 1.433490906028549519e-02 3.067947374162433363e-02 -1.064937637361952107e-02 9.994652343419920371e+00
3.583672244506081461e-01 1.637766590348120957e-02 3.014700492294335871e-02 -1.075953652778392430e-02 1.099415977935336208e+01
3.893281743097846692e-01 1.785531446997963914e-02 2.960902809655416301e-02 -1.091113761552051087e-02 1.199368070967631894e+01
4.198252506610796742e-01 1.890558007107562971e-02 2.906347121577813886e-02 -1.116259875813615729e-02 1.299321596436454662e+01
4.498295102682102753e-01 1.968903488274894795e-02 2.850534127787133012e-02 -1.154008471508035163e-02 1.399276618219145618e+01
4.793150431566640113e-01 2.035896507383389356e-02 2.792833704211731410e-02 -1.204251360872920888e-02 1.499233187412746915e+01
5.082573009774917772e-01 2.104077225170611701e-02 2.732621136168085496e-02 -1.264905792296613235e-02 1.599191347756506687e+01
5.366317574666599199e-01 2.182112985243864559e-02 2.669375846553254800e-02 -1.332741540838182533e-02 1.699151139523205956e+01
5.644130137047534967e-01 2.274572553041416534e-02 2.602738769511345543e-02 -1.404147120381876376e-02 1.799112601707695092e+01
5.915743639845100210e-01 2.382354431589768159e-02 2.532531413492251568e-02 -1.475742500390917096e-02 1.899075772649350213e+01
6.180877662929388228e-01 2.503528335886115452e-02 2.458744288472705652e-02 -1.544792355184098145e-02 1.999040689415243222e+01
6.439241177089211066e-01 2.634355937458054964e-02 2.381504670713500624e-02 -1.609414769041869753e-02 2.099007386362728766e+01
6.690537178003952423e-01 2.770295198709249451e-02 2.301033932261407206e-02 -1.668611035024117339e-02 2.198975893311519414e+01
6.934468075219777372e-01 2.906848353610332059e-02 2.217603380510201408e-02 -1.722160946681197680e-02 2.298946233703442843e+01
7.170740905746899596e-01 3.040174215702106872e-02 2.131495333176141455e-02 -1.770435250659473797e-02 2.398918423033145331e+01
7.399071717615822719e-01 3.167440988168968713e-02 2.042973570643167799e-02 -1.814174749781977472e-02 2.498892467718169996e+01
7.619188763608626402e-01 3.286939518624527184e-02 1.952264833154069082e-02 -1.854276818721548384e-02 2.598868364464897951e+01
7.830834411708424980e-01 3.398005879640265958e-02 1.859550992217991541e-02 -1.891617890366665417e-02 2.698846100095850176e+01
8.033765886086898789e-01 3.500816165268338248e-02 1.764970097699658166e-02 -1.926927517337466075e-02 2.798825651744077447e+01
8.227755087043789883e-01 3.596117561666491852e-02 1.668623721832784845e-02 -1.960717979472754655e-02 2.898806987293647808e+01
8.412587800766504476e-01 3.684951434354320071e-02 1.570587822859147165e-02 -1.993264392695536999e-02 2.998790065946725747e+01
8.588062610821637355e-01 3.768410162243610723e-02 1.470924603224370297e-02 -2.024624440486790661e-02 3.098774838818755129e+01
8.753989779497131085e-01 3.847453294303888882e-02 1.369693381200030695e-02 -2.054684154135002008e-02 3.198761249494193493e+01
8.910190296932257725e-01 3.922793193461956984e-02 1.266959173493280646e-02 -2.083216139215229856e-02 3.298749234507781125e+01
9.056495216586831765e-01 3.994847656693274740e-02 1.162798366532519223e-02 -2.109938563481698545e-02 3.398738723744473589e+01
9.192745320831861022e-01 4.063748123230486592e-02 1.057301438358434348e-02 -2.134566285234347494e-02 3.498729640771615834e+01
9.318791099698616742e-01 4.129387239531217418e-02 9.505731240967169732e-03 -2.156848964046347711e-02 3.598721903128685540e+01
9.434492983955825585e-01 4.191488337113838392e-02 8.427306758943995182e-03 -2.176594255017787888e-02 3.698715422603676473e+01
9.539721751540097827e-01 4.249680985834463492e-02 7.339009631435100892e-03 -2.193676832702295618e-02 3.798710105522737024e+01
9.634359021745706464e-01 4.303570216059950104e-02 6.242171215083952736e-03 -2.208035810066841589e-02 3.898705853073220595e+01
9.718297760386778172e-01 4.352791272917295312e-02 5.138153310050531594e-03 -2.219664075681984303e-02 3.998702561672089217e+01
9.791442736477785624e-01 4.397046036564650900e-02 4.028321272209539269e-03 -2.228593266482798568e-02 4.098700123383497385e+01
9.853710892053327841e-01 4.436120904197363157e-02 2.914024638968139985e-03 -2.234877704398153392e-02 4.198698426382672011e+01
9.905031607549413808e-01 4.469888625488803446e-02 1.796585786769063159e-03 -2.238579867479624855e-02 4.298697355458626390e+01
9.945346862810887645e-01 4.498298191585751310e-02 6.772958530292506017e-04 -2.239759048490967339e-02 4.398696792545942458e+01
9.974611306622526152e-01 4.521357465263368264e-02 -4.425836712162330676e-04 -2.238463950560532628e-02 4.498696617275535914e+01
9.992792255167057824e-01 4.539113000358881850e-02 -1.561815646496499382e-03 -2.234729205056604912e-02 4.598696707535466999e+01
9.999869642373087064e-01 4.551630690853657873e-02 -2.679180249024801837e-03 -2.228575242305845180e-02 4.698696940034827207e+01
9.995835943710010829e-01 4.558979783411180181e-02 -3.793467870177724167e-03 -2.220010622731714497e-02 4.798697190865924256e+01
9.980696090894105588e-01 4.561221620122514475e-02 -4.903473181543581590e-03 -2.209035827566891222e-02 4.898697336061955809e+01
9.954467389502920094e-01 4.558403433195544474e-02 -6.007991095327027374e-03 -2.195647571500369474e-02 4.998697252148815551e+01
9.917179445806690863e-01 4.550556705713987293e-02 -7.105814881077212285e-03 -2.179842878980859169e-02 5.098696816690517863e+01
9.868874104086913235e-01 4.537699092933517725e-02 -8.195736320567642216e-03 -2.161622404369717421e-02 5.198695908827956913e+01
9.809605391866866864e-01 4.519838662625554060e-02 -9.276547522752500580e-03 -2.140992723895601343e-02 5.298694409810510564e+01
9.739439468052984994e-01 4.496979217532213330e-02 -1.034704388470030108e-02 -2.117967546617851443e-02 5.398692203519508581e+01
9.658454567943447477e-01 4.469125642150795913e-02 -1.140602765800922611e-02 -2.092567959041199271e-02 5.498689176981962135e+01
9.566740939177810210e-01 4.436288497196417407e-02 -1.245231163752982644e-02 -2.064821923842146204e-02 5.598685220872407342e+01
9.464400763651563686e-01 4.398487400597807934e-02 -1.348472259945089971e-02 -2.034763299067628498e-02 5.698680230000295666e+01
9.351548061844844328e-01 4.355753029661432740e-02 -1.450210424898471309e-02 -2.002430639842369894e-02 5.798674103780133038e+01
9.228308577586827877e-01 4.308127818392886582e-02 -1.550331956890589787e-02 -1.967866004295756865e-02 5.898666746681563922e+01
9.094819642736040599e-01 4.255665588195781807e-02 -1.648725257105377456e-02 -1.931113924517979807e-02 5.998658068656725817e+01
8.951230022427841826e-01 4.198430436185439374e-02 -1.745280953331276516e-02 -1.892220636145070314e-02 6.098647985542469740e+01
8.797699742337138362e-01 4.136495222205303218e-02 -1.839891985138529876e-02 -1.851233597795520075e-02 6.198636419435369760e+01
8.634399899817153390e-01 4.069939959448835853e-02 -1.932453665028305984e-02 -1.808201281707137037e-02 6.298623299037770806e+01
8.461512460850595385e-01 3.998850344018940045e-02 -2.022863729113662939e-02 -1.763173183120090790e-02 6.398608559973435206e+01
8.279230044570320413e-01 3.923316574543646296e-02 -2.111022388269667358e-02 -1.716199978786067670e-02 6.498592145071599191e+01
8.087755696768378355e-01 3.843432530131200842e-02 -2.196832387208970741e-02 -1.667333762338200215e-02 6.598574004618447475e+01
7.887302653407957109e-01 3.759295304845736152e-02 -2.280199075325880717e-02 -1.616628292616882623e-02 6.698554096575171002e+01
7.678094094759094768e-01 3.671005046057475990e-02 -2.361030489956724918e-02 -1.564139206250858213e-02 6.798532386761850432e+01
7.460362890450655815e-01 3.578665014485232776e-02 -2.439237450269267707e-02 -1.509924163845648495e-02 6.898508849006532273e+01
7.234351335498420132e-01 3.482381773974888711e-02 -2.514733658461550114e-02 -1.454042916690005856e-02 6.998483465258914293e+01
7.000310877240758511e-01 3.382265425092462890e-02 -2.587435804296050329e-02 -1.396557295602399162e-02 7.098456225668172692e+01
6.758501833080435839e-01 3.278429813348551075e-02 -2.657263669076170148e-02 -1.337531134063457000e-02 7.198427128624557270e+01
6.509193098973639069e-01 3.170992665000894190e-02 -2.724140225779343033e-02 -1.277030143782901736e-02 7.298396180764531493e+01
6.252661848699623270e-01 3.060075626373233090e-02 -2.787991732968488068e-02 -1.215121762632010577e-02 7.398363396939383563e+01
5.989193224060761489e-01 2.945804202876574004e-02 -2.848747821100088701e-02 -1.151874993383858979e-02 7.498328800147393736e+01
5.719080016280642109e-01 2.828307609355639948e-02 -2.906341570769281624e-02 -1.087360247978230027e-02 7.598292421429859189e+01
5.442622338970567464e-01 2.707718553051976715e-02 -2.960709583168193160e-02 -1.021649207223918228e-02 7.698254299731416950e+01
5.160127293112214408e-01 2.584172974547255600e-02 -3.011792043529389062e-02 -9.548147009462413376e-03 7.798214481725328540e+01
4.871908624552335754e-01 2.457809771483206174e-02 -3.059532778576701251e-02 -8.869306092740539618e-03 7.898173021604542043e+01
4.578286374525631919e-01 2.328770525916235706e-02 -3.103879309040404044e-02 -8.180717825321858275e-03 7.998129980839510722e+01
4.279586523718930113e-01 2.197199250359919975e-02 -3.144782898167013119e-02 -7.483139752021283550e-03 8.098085427903906464e+01
3.976140630370526563e-01 2.063242161196835942e-02 -3.182198596927119510e-02 -6.777337886072928169e-03 8.198039437969498522e+01
3.668285462870052305e-01 1.927047482293252692e-02 -3.216085286357484030e-02 -6.064086171284537551e-03 8.297992092571588785e+01
3.356362627293267287e-01 1.788765276923344125e-02 -3.246405717213906444e-02 -5.344165936562072367e-03 8.397943479246534082e+01
3.040718190277595379e-01 1.648547303012707840e-02 -3.273126546896716615e-02 -4.618365311998919032e-03 8.497893691142964201e+01
2.721702297621645950e-01 1.506546885091262014e-02 -3.296218373456711453e-02 -3.887478589422475005e-03 8.597842826608429334e+01
2.399668788976778433e-01 1.362918796132734332e-02 -3.315655766403823729e-02 -3.152305522529791782e-03 8.697790988753311581e+01
2.074974808991122965e-01 1.217819143252571977e-02 -3.331417294016472685e-02 -2.413650571419141428e-03 8.797738284993906177e+01
1.747980415265331655e-01 1.071405252672462047e-02 -3.343485546873568165e-02 -1.672322102523392945e-03 8.897684826576673345e+01
1.419048183483054282e-01 9.238355509914322750e-03 -3.351847157386184800e-02 -9.291315582758953801e-04 8.997630728085752594e+01
1.088542810085629531e-01 7.752694414611941212e-03 -3.356492815177564148e-02 -1.848926106279199773e-04 9.097576106935882478e+01
7.568307128682030815e-02 6.258671752491702135e-03 -3.357417278230703794e-02 5.595796891514679241e-04 9.197521082852946961e+01
4.242796298817155115e-02 4.757897186290781059e-03 -3.354619379784946204e-02 1.303469755371334735e-03 9.297465777344424964e+01
9.125821703112400873e-03 3.251986175231609717e-03 -3.348102031008089868e-02 2.045962302050983745e-03 9.397410313162036744e+01
-2.418643552357978288e-02 1.742558609492176735e-03 -3.337872219497835247e-02 2.786243164403525395e-03 9.497354813758967396e+01
-5.747188057526990412e-02 2.312374473513817094e-04 -3.323941003675817685e-02 3.523500108597410301e-03 9.597299402744013719e+01
-9.069361465752528995e-02 -1.280352635265705067e-03 -3.306323503132830438e-02 4.256923632545664415e-03 9.697244203335051793e+01
-1.238148086642483631e-01 -2.790586577451388203e-03 -3.285038884970101908e-02 4.985707761750917365e-03 9.797189337814215548e+01
-1.567987434764865351e-01 -4.297840247871915521e-03 -3.260110346161347594e-02 5.709050844091057703e-03 9.897134926987162373e+01
-1.896088501547295302e-01 -5.800491744526682994e-03 -3.231565091940892531e-02 6.426156347147889136e-03 9.997081089648784769e+01
-2.222087499856821302e-01 -7.296922686002811805e-03 -3.199434310205152843e-02 7.136233660716555759e-03 1.009702794205771568e+02
-2.545622943446332886e-01 -8.785519502120699500e-03 -3.163753141901570060e-02 7.838498906071919917e-03 1.019697559742191686e+02
-2.866336043346092155e-01 -1.026467473237466059e-02 -3.124560647371210295e-02 8.532175752468078647e-03 1.029692416539759705e+02
-3.183871101634988543e-01 -1.173278834008171720e-02 -3.081899768608870049e-02 9.216496240429720641e-03 1.039687375160366543e+02
-3.497875902202804421e-01 -1.318826904910587808e-02 -3.035817287406721368e-02 9.890701610598939472e-03 1.049682445715385199e+02
-3.808002098113752454e-01 -1.462953570824641718e-02 -2.986363779353726558e-02 1.055404313669026581e-02 1.059677637820853704e+02
-4.113905595180160635e-01 -1.605501868732456955e-02 -2.933593563670275350e-02 1.120578296044787495e-02 1.069672960554828336e+02
-4.415246931353884463e-01 -1.746316130683120763e-02 -2.877564648868035854e-02 1.184519492694161014e-02 1.079668422417094575e+02
-4.711691651541622949e-01 -1.885242130230771126e-02 -2.818338674233327942e-02 1.247156541822671237e-02 1.089664031291413977e+02
-5.002910677449324828e-01 -2.022127232325136165e-02 -2.755980847142194476e-02 1.308419418379395439e-02 1.099659794410475797e+02
-5.288580672060131382e-01 -2.156820546585233242e-02 -2.690559876223224539e-02 1.368239516624751399e-02 1.109655718323708697e+02
-5.568384398350044728e-01 -2.289173083827475419e-02 -2.622147900391987030e-02 1.426549732084841059e-02 1.119651808868097902e+02
-5.842011071845740755e-01 -2.419037915689119939e-02 -2.550820413787744864e-02 1.483284542765362680e-02 1.129648071142137411e+02
-6.109156706629670364e-01 -2.546270337178239973e-02 -2.476656186649476774e-02 1.538380089488972265e-02 1.139644509483037922e+02
-6.369524454398906022e-01 -2.670728031943100586e-02 -2.399737182175028238e-02 1.591774255229035095e-02 1.149641127447291495e+02
-6.622824936186030298e-01 -2.792271240046642969e-02 -2.320148469413576414e-02 1.643406743293434127e-02 1.159637927794684202e+02
-6.868776566352826629e-01 -2.910762927995880212e-02 -2.237978132248904725e-02 1.693219154203306695e-02 1.169634912475831072e+02
-7.107105868470571242e-01 -3.026068960734164606e-02 -2.153317174538739442e-02 1.741155061103894647e-02 1.179632082623291467e+02
-7.337547782704451071e-01 -3.138058275278306913e-02 -2.066259421483544745e-02 1.787160083516134076e-02 1.189629438546309217e+02
-7.559845964324056755e-01 -3.246603055606390315e-02 -1.976901417307738024e-02 1.831181959244395155e-02 1.199626979729204805e+02
-7.773753072967022337e-01 -3.351578908352971509e-02 -1.885342319345518353e-02 1.873170614250789512e-02 1.209624704833430116e+02
-7.979031052288796388e-01 -3.452865038855120611e-02 -1.791683788632978877e-02 1.913078230263226889e-02 1.219622611703282189e+02
-8.175451399638403727e-01 -3.550344426956631577e-02 -1.696029877119817689e-02 1.950859309946670339e-02 1.229620697375253116e+02
-8.362795425407555383e-01 -3.643904002015714572e-02 -1.598486911622484102e-02 1.986470739409202171e-02 1.239618958090979959e+02
-8.540854501709160829e-01 1.845579838509951026e-02 -1.499163374652024046e-02 8.379948554521583770e-02 1.249617389313739722e+02
-8.681538361413221327e-01 -1.231661892335913222e-01 -1.080165946925944892e-02 -1.481881094932906671e-02 1.259616403925477357e+02
-8.851132357651972926e-01 -7.005268667267067206e-02 -1.154260001672590200e-02 -5.031863638164541311e-03 1.269615155365231374e+02
-9.001579804824993980e-01 -3.871707613393973041e-02 -1.179419319863412967e-02 4.073643177183807612e-03 1.279614084928457913e+02
-9.138876194151674959e-01 -2.269782662507437848e-02 -1.159051103977493981e-02 1.224907457618463688e-02 1.289613161108509587e+02
-9.266126860467343018e-01 -1.742504643869000405e-02 -1.097805731096570744e-02 1.900853848820262607e-02 1.299612357879538536e+02
-9.384617226723620531e-01 -1.922585677435538487e-02 -1.002763038655557666e-02 2.402178656633638040e-02 1.309611659652220794e+02
-9.494504295162607965e-01 -2.509063277736969452e-02 -8.826541058238757814e-03 2.719748010420924497e-02 1.319611060496300468e+02
-9.595313387357757851e-01 -3.262981959496544931e-02 -7.466667053028295045e-03 2.867460689363900139e-02 1.329610560229381804e+02
-9.686293819110636250e-01 -4.008094535532870373e-02 -6.032936708346345149e-03 2.876264968525209936e-02 1.339610159658224973e+02
-9.766662928212542782e-01 -4.629480145899386723e-02 -4.594804224083740354e-03 2.786267245594041542e-02 1.349609856774980301e+02
-9.835757965159327432e-01 -5.067703873060715181e-02 -3.201670601286719410e-03 2.639203030425688393e-02 1.359609644856636237e+02
-9.893113005970012308e-01 -5.308933187334789749e-02 -1.882069086073875127e-03 2.472531542471853583e-02 1.369609512477752844e+02
-9.938478304643336703e-01 -5.372652944455981461e-02 -6.458033148379481621e-04 2.315617380492981589e-02 1.379609444807972238e+02
-9.971799596463274407e-01 -5.298844910931265612e-02 5.120053754085426324e-04 2.187969902875318978e-02 1.389609425374278544e+02
-9.993173764014824378e-01 -5.136227121452023592e-02 1.605990326846202078e-03 2.099244637690264245e-02 1.399609437628715796e+02
-1.000279497013880414e+00 -4.932688032409823786e-02 2.655612645691334504e-03 2.050569278268830550e-02 1.409609465976331535e+02
-1.000090222809078888e+00 -4.728539915220993095e-02 3.680897284825749606e-03 2.036691385886619729e-02 1.419609496211426176e+02
-9.987735877772060400e-01 -4.552725642210140450e-02 4.699242977769059471e-03 2.048449105107821855e-02 1.429609515492630578e+02
-9.963506997817138666e-01 -4.421699769329120316e-02 5.723467530322970745e-03 2.075136892153345985e-02 1.439609512049837292e+02
-9.928380771728055887e-01 -4.340415146555109266e-02 6.761035976399643738e-03 2.106457326845433825e-02 1.449609474796465918e+02
-9.882472506775534793e-01 -4.304701953851665375e-02 7.814264639822361344e-03 2.133888612683045721e-02 1.459609392966696078e+02
-9.825853508272576198e-01 -4.304318590984698711e-02 8.881208946163884899e-03 2.151427412723273813e-02 1.469609255843280096e+02
-9.758563330521464740e-01 -4.326051967370678208e-02 9.956922652525521458e-03 2.155768898374909454e-02 1.479609052601761903e+02
-9.680624936839089534e-01 -4.356406876809125472e-02 1.103480710171297549e-02 2.146051338468340716e-02 1.489608772271579085e+02
-9.592059813498022836e-01 -4.383609223674852368e-02 1.210783277094714533e-02 2.123321041840067758e-02 1.499608403798587801e+02
-9.492900883655672750e-01 -4.398822235518014961e-02 1.316949329186717886e-02 2.089870942842036658e-02 1.509607936183023469e+02
-9.383201961392654278e-01 -4.396615657241514930e-02 1.421442876328819771e-02 2.048581846811416141e-02 1.519607358660715875e+02
-9.263043317903227880e-01 -4.374823978640054317e-02 1.523871968669390613e-02 2.002359287077386252e-02 1.529606660894178276e+02
-9.132533598978005429e-01 -4.333979684814003031e-02 1.623989933023260029e-02 1.953719792687621040e-02 1.539605833144439089e+02
-8.991808784885302330e-01 -4.276517197431362743e-02 1.721675922657641203e-02 1.904544570929192840e-02 1.549604866403269341e+02
-8.841029115041154629e-01 -4.205922516546485579e-02 1.816903151204100897e-02 1.855990164644885643e-02 1.559603752476535021e+02
-8.680374937762841414e-01 -4.125963880370258491e-02 1.909702659436345040e-02 1.808526385296412367e-02 1.569602484020082329e+02
-8.510042337008568714e-01 -4.040090766913548986e-02 2.000128978701165572e-02 1.762061876661947732e-02 1.579601054537639868e+02
-8.330239188142176676e-01 -3.951041190036076040e-02 2.088232072534262906e-02 1.716115916781065995e-02 1.589599458354549597e+02
-8.141182056293755354e-01 -3.860656944304972915e-02 2.174037868373316154e-02 1.669999605297043527e-02 1.599597690581751408e+02
-7.943094117929694331e-01 -3.769877004612070398e-02 2.257537848638168504e-02 1.622978128000358844e-02 1.609595747082165644e+02
-7.736204090348024476e-01 -3.678861961313756312e-02 2.338686755038186377e-02 1.574396079824968292e-02 1.619593624447676916e+02
-7.520746012860028973e-01 -3.587196399367805627e-02 2.417406559029434965e-02 1.523757934242995181e-02 1.629591319990524596e+02
-7.296959642711301486e-01 -3.494119328097430172e-02 2.493594455741584767e-02 1.470764272368786998e-02 1.639588831748956466e+02
-7.065091203641391537e-01 -3.398742221929812457e-02 2.567132669360024100e-02 1.415310529266450984e-02 1.649586158504079947e+02
-6.825394244022870982e-01 -3.300226908334497750e-02 2.637898195823346753e-02 1.357458537391634766e-02 1.659583299803159662e+02
-6.578130410142428719e-01 -3.197908756914483869e-02 2.705771122692928604e-02 1.297392251170564545e-02 1.669580255984112682e+02
-6.323570003483321988e-01 -3.091362348464633814e-02 2.770640735251456849e-02 1.235368219123931036e-02 1.679577028196425488e+02
-6.061992255856114564e-01 -2.980415764603936563e-02 2.832409146207653244e-02 1.171669267679949743e-02 1.689573618414843850e+02
-5.793685313178403851e-01 -2.865125306017804810e-02 2.890992609591650636e-02 1.106567120859174545e-02 1.699570029443631256e+02
-5.518945961667720557e-01 -2.745724902669141945e-02 2.946320965634609268e-02 1.040296864330951358e-02 1.709566264910661175e+02
-5.238079156828585603e-01 -2.622564240088713985e-02 2.998335808851156775e-02 9.730436912203061645e-03 1.719562329251844233e+02
-4.951397426494380527e-01 -1.232139916760434557e-02 3.046987993412171927e-02 2.345795089639719777e-02 1.729558227687281260e+02
-4.652903612681730250e-01 -1.066309497245685328e-01 3.164277747894157777e-02 -7.228918714131683798e-02 1.739553773665232370e+02
-4.389817425564194187e-01 4.149153560026019524e-03 2.802831812187573518e-02 -3.021007841533488933e-02 1.749550454524298004e+02
-4.107497178736528309e-01 1.113525953095921561e-01 2.651781420110899123e-02 7.296277690797470239e-02 1.759546468709066858e+02
-3.786693391096996875e-01 5.467931795238937381e-02 3.016595304650772705e-02 9.458714364241282979e-02 1.769541476702057992e+02
-3.457752388894257400e-01 -5.392965996694287084e-02 3.489531022862836507e-02 5.285606549816220662e-02 1.779536102521668397e+02
-3.135818515667066486e-01 -1.347129607612845836e-01 3.753811350353647436e-02 -2.120378993718373059e-02 1.789530955481233434e+02
-2.827834562912777683e-01 -1.879058700454775896e-02 3.647792400667728557e-02 5.205019886052494188e-02 1.799526438600137510e+02
-2.472525259031091993e-01 -1.443856909619972151e-01 3.908043394970353579e-02 -6.212294271689803443e-02 1.809520128787956708e+02
-2.153958113041575806e-01 -5.259849520603475381e-02 3.597428681385863442e-02 -4.733667645496040383e-02 1.819515313967853842e+02
-1.820575065241420432e-01 4.166066576636207920e-03 3.360745299111061318e-02 -3.205206838992914059e-02 1.829509789811731935e+02
-1.482481938550973821e-01 3.463599051283813846e-02 3.200484957161415372e-02 -1.759589710838099785e-02 1.839504073046497297e+02
-1.145178951691285252e-01 4.575433348383196180e-02 3.112505471619510244e-02 -5.335294558708359065e-03 1.849498397766457742e+02
-8.111125707857869127e-02 4.362807768483624449e-02 3.085828998825968297e-02 3.803408630131006711e-03 1.859492842374233987e+02
-4.807749887983426423e-02 3.362123938057826750e-02 3.104846041976623214e-02 9.435630828713462842e-03 1.869487408544619598e+02
-1.535377495148888827e-02 2.022927374647344109e-02 3.152024196120190719e-02 1.169763203395673447e-02 1.879482067037342574e+02
1.717220917884992870e-02 6.912152022538566032e-03 3.210512356289974695e-02 1.112982238795249233e-02 1.889476781057338997e+02
4.961724719319571264e-02 -3.992652077210547164e-03 3.266161468229736992e-02 8.509558354385689596e-03 1.899471516866518073e+02
8.207352892198457872e-02 -1.122870976003708179e-02 3.308709260001665292e-02 4.683648505683013150e-03 1.909466248626948186e+02
1.145934566065740373e-01 -1.446387167792870763e-02 3.332127502530080054e-02 4.336244606832278061e-04 1.919460961076604804e+02
1.471857736938524952e-01 -1.406141542129651749e-02 3.334295624833496369e-02 -3.613900586430585267e-03 1.929455650986130877e+02
1.798198721116492371e-01 1.875238668988797944e-02 3.316226121901343776e-02 2.668692446236043195e-02 1.939450327118597386e+02
2.139131591935852783e-01 -1.051598583941514287e-01 3.449660744213146196e-02 -9.032441098093942078e-02 1.949444518065872671e+02
2.431480604418092550e-01 1.152913485979222830e-01 2.998038689308448954e-02 6.508522834278490654e-02 1.959440382045732179e+02
2.788859333161738951e-01 -3.752722258713554054e-02 3.323464831022373417e-02 -2.691126131793123225e-02 1.969434160283616393e+02
3.102391388225914648e-01 -7.648965289024423075e-02 3.188908524432717412e-02 -1.019579782600732731e-01 1.979429261569924279e+02
3.383002813753479554e-01 1.293848103912405290e-01 2.679118633132351185e-02 3.845941523125273598e-02 1.989425396817839555e+02
3.715551817997460593e-01 4.195304567589059480e-02 2.871415709288614726e-02 7.650976829894028802e-03 1.999420075215220152e+02
4.023621808211582662e-01 2.004512833955124015e-02 2.909670593438084749e-02 1.761733017884340412e-03 2.009415350743970805e+02
4.324566134779959659e-01 8.187341320823928945e-03 2.918479258527506559e-02 -3.915176204745025000e-03 2.019410826368677192e+02
4.620464559436744389e-01 3.696984023517411056e-03 2.898903377503781603e-02 -8.962080219558308039e-03 2.029406448454391807e+02
4.912162012018335133e-01 4.328416907211784723e-03 2.854092976405990176e-02 -1.306923243879561623e-02 2.039402193349750121e+02
5.199695889945176175e-01 8.175680516170917914e-03 2.788746814212011982e-02 -1.607571840665145135e-02 2.049398058942726095e+02
5.482620676241852786e-01 1.365127802095519004e-02 2.708368222178754794e-02 -1.798183503522552545e-02 2.059394056655597751e+02
5.760247524478248060e-01 1.951268084507652018e-02 2.618459047002627202e-02 -1.892185469527560629e-02 2.069390204409732235e+02
6.031816504495319808e-01 2.488174357998373942e-02 2.523849773526249188e-02 -1.911730943145650147e-02 2.079386521005122290e+02
6.296611598292514156e-01 4.534154689002244457e-03 2.428263226368966576e-02 -4.698455436058187468e-02 2.089383022309758360e+02
6.541680467019226342e-01 4.533065471945647157e-02 2.193340454566057238e-02 -3.074496662387290330e-02 2.099380019178279326e+02
6.783656802631592431e-01 8.554670291626448320e-02 2.039615621446692895e-02 9.301907889963136056e-03 2.109377116815597333e+02
7.030368678468311705e-01 2.363812937184379265e-02 2.086125160896508401e-02 -2.664556946928701292e-02 2.119374164520290833e+02
7.250782556809552970e-01 6.480993845147522969e-02 1.952897313550073372e-02 1.011209489704222551e-02 2.129371742097510491e+02
7.478458665214922085e-01 3.060304989879622864e-02 2.003457788035284404e-02 -5.618782204923628964e-04 2.139369202458606765e+02
7.694089495834792736e-01 1.391830822325226813e-02 2.000648396932822731e-02 -9.810292568419524961e-03 2.149366889065094881e+02
7.901098750914348212e-01 9.132931357037790340e-03 1.951596934090725141e-02 -1.727559758941296306e-02 2.159364748615925578e+02
8.100811652132003937e-01 1.196127061780505318e-02 1.865218946143660378e-02 -2.269326890536020255e-02 2.169362755197724653e+02
8.293302326638705146e-01 1.899203065094385093e-02 1.751752601616859278e-02 -2.604603382088911331e-02 2.179360904181822889e+02
8.477963186154033881e-01 2.759275786250667967e-02 1.621522432512413625e-02 -2.755008319088786059e-02 2.189359203564281415e+02
8.653902888828449713e-01 3.587901666495379310e-02 1.483772016557974305e-02 -2.758752946756633587e-02 2.199357665224011669e+02
8.820212179747118908e-01 4.266845549792178810e-02 1.345834369220142573e-02 -2.662052487691108499e-02 2.209356298282870910e+02
8.976123849598858229e-01 4.739332145831792048e-02 1.212731744835587183e-02 -2.511164632661702992e-02 2.219355105546763696e+02
9.121088969654593814e-01 4.997599102040942848e-02 1.087173513202501982e-02 -2.346350340558674141e-02 2.229354082826750698e+02
9.254790698154449213e-01 5.068503248536541245e-02 9.698559961745682051e-03 -2.198168615386622560e-02 2.239353220201930412e+02
9.377116101702072104e-01 4.999117836881313004e-02 8.599475654052370077e-03 -2.086000090681789862e-02 2.249352504113230111e+02
9.488104463312998504e-01 4.843930860054272702e-02 7.556475608711475320e-03 -2.018428917528888866e-02 2.259351919414289682e+02
9.587887463102007235e-01 4.654744449591902145e-02 6.547261149947030887e-03 -1.994976327694864687e-02 2.269351450900544762e+02
9.676632830254198181e-01 4.473823582355143658e-02 5.549772986099598369e-03 -2.008623054884302664e-02 2.279351084190118684e+02
9.754499048655934645e-01 4.330321256610301234e-02 4.545461458657446864e-03 -2.048577861832190372e-02 2.289350806047723950e+02
9.821604889327177901e-01 4.239579296248142948e-02 3.521172527741351851e-03 -2.102840978784452364e-02 2.299350604325599363e+02
9.878014306910288811e-01 4.204618340234366619e-02 2.469752038349125496e-03 -2.160251034626928940e-02 2.309350467691087090e+02
9.923734829770168853e-01 4.219006133827453431e-02 1.389626521035660939e-03 -2.211858694499147307e-02 2.319350385270956281e+02
9.958726100809337511e-01 4.270314803551962524e-02 2.836971737860871558e-04 -2.251609921723985927e-02 2.329350346301443722e+02
9.982914645667672060e-01 4.343507154140273385e-02 -8.421077870759058944e-04 -2.276427487364632296e-02 2.339350339841642210e+02
9.996211096862462897e-01 4.423782317030836714e-02 -1.980321530758222259e-03 -2.285843310642665660e-02 2.349350354584418596e+02
9.998526762712096616e-01 4.498617948443738718e-02 -3.123243186079554916e-03 -2.281357798302506568e-02 2.359350378778586332e+02
9.989787361664393961e-01 4.558934477526346146e-02 -4.263922085230808373e-03 -2.265693168081461470e-02 2.369350400256660976e+02
9.969942735188754845e-01 4.599453891287601931e-02 -5.396768669271538935e-03 -2.242076586641149338e-02 2.379350406546053591e+02
9.938972245023037777e-01 4.618421155583855159e-02 -6.517806962592113777e-03 -2.213646949739810424e-02 2.389350385031187614e+02
9.896886252158964004e-01 4.616901239194055873e-02 -7.624630437462019163e-03 -2.183035643353219840e-02 2.399350323131723712e+02
9.843724521735671695e-01 4.597866800883411431e-02 -8.716148259138628909e-03 -2.152133264142245053e-02 2.409350208467308505e+02
9.779552603513587128e-01 5.814342294522582832e-02 -9.792214891209752303e-03 -6.980741293222218584e-03 2.419350028989417467e+02
9.710702337189163202e-01 2.620071959237544809e-02 -1.014125195587086380e-02 -2.885084113410433040e-02 2.429349834227782594e+02
9.622391242065230221e-01 3.781732151761364735e-02 -1.158379401257608049e-02 -2.643281620859910808e-02 2.439349452859005680e+02
9.525463284677702092e-01 4.449285141852406950e-02 -1.290543482300603520e-02 -2.417312947824244024e-02 2.449349000974222008e+02
9.418657091917874702e-01 -1.144834515957848797e-02 -1.411409129691815721e-02 -8.956182850012753272e-02 2.459348455326367571e+02
9.271797262518485239e-01 1.386288599625253026e-01 -1.859218272192453281e-02 1.707286255066358879e-02 2.469347378516224580e+02
9.155188596750015728e-01 8.070555680647924224e-02 -1.773853959439135319e-02 8.408858261381456367e-03 2.479346938852022788e+02
9.018158933168725078e-01 4.495186261642201281e-02 -1.731809668132228142e-02 7.418452655353637536e-05 2.489346081376160669e+02
8.867459183804569101e-01 2.505626579906089849e-02 -1.731438745499460502e-02 -7.650071909200563403e-03 2.499344971052171047e+02
8.706850215255710346e-01 2.032138955302966593e-02 -1.769689105045463284e-02 -9.905476460338180633e-03 2.509343689055662026e+02
8.540049645547443946e-01 1.013817394131582943e-02 -1.819216487347154187e-02 -2.146591787149951594e-02 2.519342303000087782e+02
8.363206279463362147e-01 1.777285136405765131e-02 -1.926546076704651819e-02 -2.390413586739537077e-02 2.529340740483990828e+02
8.179448365719997893e-01 2.614108748783744440e-02 -2.046066756041628812e-02 -2.462713572239022888e-02 2.539339055941991603e+02
7.987923773790086557e-01 3.376929476175574013e-02 -2.169202434653580078e-02 -2.391490362738450670e-02 2.549337230233821003e+02
7.787901216727344256e-01 3.965813775370101435e-02 -2.288776952790502750e-02 -2.218208849150045403e-02 2.559335243839932161e+02
7.578867379229548007e-01 4.331627698203283777e-02 -2.399687395248005159e-02 -1.987316437969128755e-02 2.569333078507836490e+02
7.360573572910962259e-01 4.469386992829238459e-02 -2.499053217146461614e-02 -1.739134813366474339e-02 2.579330719073944351e+02
7.133034219673525245e-01 4.407092946136710598e-02 -2.586009957814785348e-02 -1.505332960501974682e-02 2.589328155006633665e+02
6.896490143028628506e-01 4.192942922606838346e-02 -2.661276605839884082e-02 -1.306825228338645735e-02 2.599325381245021731e+02
6.651351186044618391e-01 3.883141198458783805e-02 -2.726617867256816291e-02 -1.153709070335500082e-02 2.609322398120621642e+02
6.398131672070199727e-01 3.531830211841364975e-02 -2.784303320773591148e-02 -1.046724874980624331e-02 2.619319210454930271e+02
6.137389619908063532e-01 3.183984212530360791e-02 -2.836639564522622226e-02 -9.796530000448014364e-03 2.629315826153647890e+02
5.869677220230054004e-01 2.871491393856567473e-02 -2.885622214524862297e-02 -9.420714093278969789e-03 2.639312254691628254e+02
5.595506523639491858e-01 2.612145663135878593e-02 -2.932725784991256981e-02 -9.219841505955559888e-03 2.649308505817210175e+02
5.315331095402714423e-01 8.004755142823929970e-02 -2.978824992521034859e-02 5.468994973505741236e-02 2.659304588665607980e+02
5.057498667712575502e-01 -6.256354097824447236e-02 -2.705375243845747901e-02 -4.438484167186959595e-02 2.669301344356423442e+02
4.755723819901227500e-01 -9.440125592485472741e-03 -2.927299452205095812e-02 -3.456381775065480583e-02 2.679296838865971040e+02
4.458317639394615561e-01 2.193957298347370966e-02 -3.100118540958369737e-02 -2.527556291409147407e-02 2.689292416480235488e+02
4.159319955803766344e-01 3.800254227840182270e-02 -3.226496355528827437e-02 -1.677611317625121029e-02 2.699287951519513058e+02
3.855717680118452284e-01 1.067777017753093333e-01 -3.310376921410083245e-02 6.288144855386482157e-02 2.709283359800643893e+02
3.578100046684943858e-01 -5.550105605257082964e-02 -2.995969678640759276e-02 -4.421244238349543443e-02 2.719279648052740299e+02
3.250809820937829997e-01 -2.579739492941324967e-04 -3.217031890558236240e-02 -2.951501946865574266e-02 2.729274329198226496e+02
2.929033198792198034e-01 2.809278177620101388e-02 -3.364606987901515300e-02 -1.722380180008055081e-02 2.739269150848564891e+02
2.606674419554260158e-01 3.879805567497050106e-02 -3.450725996901918280e-02 -7.346811562398445489e-03 2.749263963609119514e+02
2.281057777654583174e-01 5.031059242159442030e-02 -3.487460054713910351e-02 1.367670537917041636e-02 2.759258679719384872e+02
1.957522461245193579e-01 1.302956726296973684e-02 -3.419076527818058070e-02 -2.894565676301658324e-03 2.769253476249978121e+02
1.622192396141808601e-01 8.382539891084313244e-02 -3.433549356199566693e-02 8.018068339854529658e-02 2.779247854479255011e+02
1.320792917456551918e-01 -9.299289580780499553e-02 -3.032645939206840210e-02 -3.941686863592418905e-02 2.789243399238227425e+02
9.710997382227026797e-02 -6.873712059858376466e-02 -3.229730282386460843e-02 -6.924094829158169984e-02 2.799237391263442873e+02
6.138322201016269825e-02 6.024879481371813589e-02 -3.575935023844369065e-02 8.223606822622802834e-03 2.809231066319118213e+02
2.864200627920310965e-02 4.046185275568739415e-02 -3.534816989731254938e-02 1.120084119842916157e-02 2.819225750344066910e+02
-4.676974012942765324e-03 2.335162955973938206e-02 -3.478812783739108905e-02 1.268551571732815658e-02 2.829220218506285960e+02
-3.829121039168995044e-02 9.068005914190329850e-03 -3.415385205152467879e-02 1.271923113836036928e-02 2.839214574145141228e+02
-7.198528695536579591e-02 -3.953674895380946547e-02 -3.351789049460666275e-02 -3.109005116484008652e-02 2.849208897107585017e+02
-1.074726289761350484e-01 -1.538071480487405822e-02 -3.507239305284867020e-02 -3.767104991882069820e-02 2.859202617918386977e+02
-1.433063950091135463e-01 3.700479481486849964e-02 -3.695594554878970511e-02 -8.505422432524341325e-03 2.869196198521093493e+02
-1.784049526754783455e-01 4.953430584538386777e-02 -3.738121667041591906e-02 1.229995211532988221e-02 2.879190054206647460e+02
-2.133024790788172476e-01 1.080784206391249141e-01 -3.676621906464942746e-02 1.037814559219318866e-01 2.889183993854101686e+02
-2.446601464956162375e-01 -5.354856890712662160e-02 -3.157714626855283313e-02 2.549383645876718979e-02 2.899179222210956368e+02
-2.789081390479603018e-01 -2.150632091847317143e-02 -3.030245444561447538e-02 6.154988850693302732e-02 2.909173391729376590e+02
-3.102807786104653798e-01 -7.835975621630977828e-02 -2.722496002026782505e-02 3.130956070175939382e-02 2.919168475089666686e+02
-3.414189114696067895e-01 -1.565927828103279296e-01 -2.565948198517985571e-02 -6.253211635726767248e-02 2.929163702787475927e+02
-3.749026395378710630e-01 1.013623063677982460e-02 -2.878608780304323794e-02 3.337603649747266504e-02 2.939158402098629495e+02
-4.031781503960294444e-01 -2.861771646397504726e-02 -2.711728597816960573e-02 1.510875468619761290e-02 2.949154405061532316e+02
-4.317224728161727088e-01 -3.919186979047308700e-02 -2.636184824385972431e-02 3.776396801030421253e-03 2.959150340580991383e+02
-4.600401804401515471e-01 -3.502348790555329106e-02 -2.617302840380820311e-02 -1.916445271971509027e-03 2.969146349521771526e+02
-4.879607953675878518e-01 -2.478473893586454618e-02 -2.626885066740677899e-02 -3.156935685493896925e-03 2.979142466297168994e+02
-5.154654343935775040e-01 -1.398974410791337629e-02 -2.642669745168147247e-02 -1.206404584088234489e-03 2.989138690737127604e+02
-5.425882989847768956e-01 -6.577071819953249354e-02 -2.648701768088588399e-02 -6.569361219775558813e-02 2.999135014258796446e+02
-5.723596021476441420e-01 1.558636909584710240e-01 -2.977169829077366478e-02 1.207710538800965266e-01 3.009130635720098326e+02
-5.943371715464546012e-01 -6.871366848564960939e-02 -2.373314559676883984e-02 -1.953310538642566950e-03 3.019128524097994273e+02
-6.215028050830672113e-01 -1.071872081714787678e-01 -2.383081112370096649e-02 -6.990249211254051520e-02 3.029124892599980967e+02
-6.506891993244714456e-01 1.692388628567367131e-02 -2.732593572932799295e-02 -1.119851125657662580e-02 3.039120776138394149e+02
-6.771658560328273069e-01 9.600848835874384313e-02 -2.788586129215682441e-02 7.700617868400586041e-02 3.049117274038630967e+02
-7.002495452762279582e-01 4.659007047560832608e-03 -2.403555235795653069e-02 5.673931456759594844e-02 3.059114724650489734e+02
-7.240499003797752353e-01 -9.653924372322490038e-03 -2.119858662957673293e-02 8.033798441643306976e-02 3.069111892236174981e+02
-7.457294871069298781e-01 -7.272083024132912354e-02 -1.718168740875507944e-02 5.969968106140597502e-02 3.079109543102828752e+02
-7.665458339860791170e-01 -8.522676306046336747e-02 -1.419670335568477999e-02 6.204930190133679802e-02 3.089107442384680553e+02
-7.850029691957765010e-01 -1.353111899991010225e-01 -1.109423826061793975e-02 1.913412591754281439e-02 3.099105829720459724e+02
-8.028621230185765123e-01 -1.939074308078185815e-01 -1.013753196474079937e-02 -7.918060444197265457e-02 3.109104463744265558e+02
-8.226943546960872045e-01 1.187708591323567153e-01 -1.409656218683943280e-02 1.595091520186995848e-01 3.119102967046340495e+02
-8.308524970923670816e-01 -2.447782119034735138e-01 -6.121104585904453901e-03 -1.076621212850744913e-01 3.129102810600141993e+02
-8.492122447667853624e-01 -8.553767183549447484e-02 -1.150421065015817812e-02 -7.998114123974843503e-02 3.139101874109280743e+02
-8.649928022397582739e-01 2.132514243988920932e-03 -1.550326771214560057e-02 -6.244535074292652949e-02 3.149100720371420721e+02
-8.803888360222759113e-01 7.687291593901594833e-02 -1.862553524929192600e-02 -1.878985368893144187e-02 3.159099535168749640e+02
-8.951703152755328130e-01 1.038198544404198009e-01 -1.956502793373849844e-02 2.462741989126752268e-02 3.169098516524288129e+02
-9.095440957931145709e-01 8.031410547269395017e-02 -1.833365693917512335e-02 4.887941533181826281e-02 3.179097618188133083e+02
-9.238616952818599071e-01 3.918367478260190856e-02 -1.588968617258421090e-02 6.165621633392833617e-02 3.189096673804708644e+02
-9.377917764043635085e-01 -6.137921102374007884e-03 -1.280687535588779374e-02 6.464820964408583837e-02 3.199095722715684360e+02
-9.509051725617795325e-01 -4.642644290529204104e-02 -9.574464873683501825e-03 6.044671243687960854e-02 3.209094863343890438e+02
-9.628007069015036556e-01 -7.649168933148686733e-02 -6.552129251839521745e-03 5.183925995840981543e-02 3.219094182744726140e+02
-9.731772916439265231e-01 -9.447585284894534363e-02 -3.960166253919030974e-03 4.132863025317103783e-02 3.229093717503581047e+02
-9.818612031477663704e-01 -1.009317240780209790e-01 -1.893734741260478995e-03 3.091731715765710237e-02 3.239093452019546362e+02
-9.888015139119230579e-01 -9.794691752666696838e-02 -3.478688833776237468e-04 2.203611794279251163e-02 3.249093338519496115e+02
-9.940467283682972166e-01 -8.840162372429809234e-02 7.539370137620018345e-04 1.553230454021620362e-02 3.259093320878090481e+02
-9.977128713559422213e-01 -7.535823575640407390e-02 1.530552240772811972e-03 1.170401406136507665e-02 3.269093351360610313e+02
-9.999502270872299148e-01 -6.158437261450380035e-02 2.115752943841065891e-03 1.038953366146603587e-02 3.279093397317497534e+02
-1.000913687460689427e+00 -4.923025551208599221e-02 2.635229626914367858e-03 1.110321558700569367e-02 3.289093440084063786e+02
-1.000739965112505514e+00 -3.967441895966663384e-02 3.190390406264652541e-03 1.318989329522516143e-02 3.299093470228347087e+02
-9.995332909707678182e-01 -7.737734724953371224e-02 3.849885071025910786e-03 -3.402629519062611019e-02 3.309093482623770797e+02
-9.995522541010679607e-01 3.609451237250636824e-02 2.148570311494605103e-03 4.667564982291114162e-02 3.319093557462365993e+02
-9.955989639896661858e-01 -6.479481044755736052e-03 4.482352802640162878e-03 4.164771133261651465e-02 3.329093495604834061e+02
-9.914405969942159391e-01 -3.380550948198766253e-02 6.564738369270989304e-03 3.650598138148564153e-02 3.339093409669180232e+02
-9.865661448292927238e-01 -3.786977971585268887e-02 8.390037438345271034e-03 4.537924262143082366e-02 3.349093305152370590e+02
-9.800696281657943487e-01 -3.896124244103907341e-02 1.065899956941681291e-02 6.233303707544481098e-02 3.359093112053365076e+02
-9.713587818902467141e-01 -1.135658105035559362e-01 1.377565142318905311e-02 6.676087503551430408e-03 3.369092751627385951e+02
-9.632613179136958470e-01 -1.404378909841413059e-01 1.410945579836662446e-02 -5.693140653399149376e-02 3.379092584996299706e+02
-9.561735258676078431e-01 5.235621652327725022e-03 1.126288547166704943e-02 2.410561347835273385e-02 3.389092580347333410e+02
-9.446491140364732253e-01 5.386890093482361863e-02 1.246816614558468594e-02 9.756919927230503498e-02 3.399091916607612234e+02
-9.294880352340409990e-01 -1.732873930750507274e-01 1.734662610919993769e-02 -7.755004945874002797e-02 3.409090803527343496e+02
-9.208053451692418401e-01 4.934506992071634179e-02 1.346912363626293595e-02 6.639823961133020647e-02 3.419090801938316986e+02
-9.048695990864104033e-01 -9.453349940847761979e-02 1.678903561682944592e-02 -3.639229154309308462e-02 3.429089562558197031e+02
-8.928073610122575499e-01 -4.373101718652350894e-02 1.496942103967479135e-02 -3.441829788410235430e-02 3.439088946758581073e+02
-8.800248049120378280e-01 5.924523435969700214e-02 1.324850614546967294e-02 4.521594137279896092e-02 3.449088153663452090e+02
-8.638146845831885523e-01 -2.082893675250407223e-02 1.550930321410962098e-02 4.131293910796431622e-03 3.459086883617768535e+02
-8.493473247117668823e-01 1.129541449401107699e-02 1.571586790964944400e-02 3.663381547433153251e-02 3.469085842464118059e+02
-8.330674027537147142e-01 1.156287695341492831e-02 1.754755868336602131e-02 6.543765072003705774e-02 3.479084518792047902e+02
-8.149426897480349652e-01 -7.105399672496459651e-02 2.081944121936787559e-02 1.934626394271280608e-02 3.489082877802549660e+02
-7.976766824309226012e-01 -4.592982970521957559e-02 2.178675441650351763e-02 3.758009851764795156e-02 3.499081450233989585e+02
-7.781875980107755275e-01 -4.033227946185898721e-02 2.366575934238591625e-02 5.420763966322166005e-02 3.509079577305904536e+02
-7.565400969584031854e-01 -1.094665308542345505e-01 2.637614132554699786e-02 -1.204158008034953873e-03 3.519077254298236994e+02
-7.356384365978901885e-01 -4.109055616346147383e-02 2.631593342514524855e-02 3.974313294027655152e-02 3.529075219480700980e+02
-7.113793569290889351e-01 -1.002784457259229822e-01 2.830309007215907682e-02 -1.442355060276221367e-02 3.539072297644535183e+02
-6.880919596560433060e-01 1.378688732121371822e-02 2.758191254202096640e-02 7.264925679063552466e-02 3.549069711492850843e+02
-6.598244620231411561e-01 -1.303212478001550545e-01 3.121437538155274333e-02 -3.791501921618439797e-02 3.559065717814243612e+02
-6.351280435093182852e-01 7.278769516278092364e-03 2.931862442074352482e-02 5.014543686549886164e-02 3.569062880141532332e+02
-6.054498371308250082e-01 -4.892102391179194848e-02 3.182589626401846616e-02 2.239021776260054913e-02 3.579058475854232029e+02
-5.760741257836489160e-01 -6.434835268501463978e-02 3.294540715214849119e-02 3.749124258795617261e-03 3.589054190189632436e+02
-5.463503498312790585e-01 -1.216140525298414071e-01 3.313286336508827062e-02 -8.031749448274279335e-02 3.599049823480821715e+02
-5.193009135439956570e-01 3.177407809494354335e-02 2.911698864095112887e-02 -5.964445237023731854e-05 3.609046349392061757e+02
-4.886000084529095178e-01 1.649861600666345171e-02 2.911400641833261638e-02 -6.973822533733818607e-03 3.619041648179024833e+02
-4.586655336131198468e-01 6.158662124470650617e-02 2.876531529164592579e-02 4.518893976270151741e-02 3.629037170215051447e+02
-4.268261279381778683e-01 4.104525560304441226e-03 3.102476227978100132e-02 3.061796233998326927e-02 3.639032147626361962e+02
-3.956012149762106467e-01 -8.089660689055803988e-02 3.255566039678016443e-02 -4.423451298859305131e-02 3.649027271672257484e+02
-3.670939921094704128e-01 4.669397840713055553e-02 3.034393474735051083e-02 4.449785950004066931e-02 3.659023289373807302e+02
-3.344210895388288751e-01 4.876259484104874392e-02 3.256882772235254742e-02 9.240646496843017699e-02 3.669017977624356490e+02
-2.994211825325036047e-01 -1.192284684937186257e-01 3.718915097077405557e-02 -2.045057934236499744e-02 3.679011880520553746e+02
-2.681979047497610180e-01 -7.297576699868045524e-02 3.616662200365580726e-02 -2.101818954256550950e-02 3.689007182644520526e+02
-2.356855689597039949e-01 -3.772374422689674101e-02 3.511571252652753022e-02 -1.923398570117274345e-02 3.699001962590461972e+02
-2.024620973196591955e-01 -1.209217419480837150e-02 3.415401324146889045e-02 -1.552312166294758135e-02 3.708996459869637192e+02
-1.689189798880992854e-01 4.770188957611885480e-03 3.337785715832151251e-02 -1.079755252342010780e-02 3.718990834411471269e+02
-1.353089433918225337e-01 1.401028418694276988e-02 3.283797953215050747e-02 -5.974838273614042558e-03 3.728985184927304886e+02
-1.017767287042349589e-01 1.713807719112798306e-02 3.253923761846980872e-02 -1.796922320652617798e-03 3.738979563753916864e+02
-6.838678262951961018e-02 1.589011517168609222e-02 3.244939150243717624e-02 1.252839998253452939e-03 3.748973991430303840e+02
-3.514899799272847708e-02 1.202318372629536739e-02 3.251203350234985190e-02 2.963298963568211826e-03 3.758968469310172509e+02
-2.041850407425646607e-03 7.116823453218665274e-03 3.266019845052826193e-02 3.361193551564418004e-03 3.768962989199447406e+02
3.096819337975939557e-02 2.428394146507281519e-03 3.282825812810648280e-02 2.648242424590748715e-03 3.778957540032936890e+02
6.391190963973274186e-02 -1.181337870792154498e-03 3.296067024933602152e-02 1.127682332798734177e-03 3.788952112191372521e+02
9.680757729164962688e-02 -3.253675359580132740e-03 3.301705436597595494e-02 -8.651113207743713713e-04 3.798946700119539628e+02
1.296560380905454890e-01 -3.682838702432066416e-03 3.297379879993723312e-02 -3.018358210088392061e-03 3.808941303688912399e+02
1.624398201324780688e-01 -2.632232898986658094e-03 3.282288088943281085e-02 -5.081456360488405440e-03 3.818935928532013122e+02
1.951252670080598772e-01 -4.364324567015044122e-04 3.256880807140839079e-02 -6.883904312834140254e-03 3.828930585499034009e+02
2.276665075639486835e-01 2.493936372015656544e-03 3.222461285576668638e-02 -8.337816588054498823e-03 3.838925289437316906e+02
2.600101756450759471e-01 5.752021266065401005e-03 3.180772202636396317e-02 -9.427988852249949425e-03 3.848920057582123491e+02
2.920999900534814731e-01 8.992183188241079789e-03 3.133632258375146362e-02 -1.019422830313633163e-02 3.858914907888784569e+02
3.238805727869917273e-01 1.196294574492413193e-02 3.082661116859464548e-02 -1.071056970704640371e-02 3.868909857597059840e+02
3.553001649751706958e-01 1.451739936204582936e-02 3.029108268324232425e-02 -1.106522884083535087e-02 3.878904922214194357e+02
3.863121525913522092e-01 1.660572315020980919e-02 2.973782124120055714e-02 -1.134398802866109363e-02 3.888900114976274267e+02
4.168755100364930355e-01 1.825579183953501133e-02 2.917062183976750281e-02 -1.161846321561410024e-02 3.898895446739436466e+02
4.469543963111962115e-01 1.954790982059308874e-02 2.858969867898679754e-02 -1.193959606152618889e-02 3.908890926186593333e+02
4.765171964891374845e-01 2.058889574440864526e-02 2.799271887591048974e-02 -1.233587358086248899e-02 3.918886560214245378e+02
5.055353011761181126e-01 2.148940321721599239e-02 2.737592519686736503e-02 -1.281524300978957760e-02 3.928882354376576700e+02
5.339818746195705845e-01 2.234684205522201664e-02 2.673516304637788693e-02 -1.336944655860298689e-02 3.938878313294786722e+02
5.618307956748932463e-01 2.323482378907386348e-02 2.606669071844773880e-02 -1.397950222936313221e-02 3.948874440975291122e+02
5.890558810872467133e-01 2.419887395658331872e-02 2.536771560697958366e-02 -1.462123736586059056e-02 3.958870741012639201e+02
6.156304304121236193e-01 2.525732810793231489e-02 2.463665373868655431e-02 -1.527006875675878880e-02 3.968867216678052046e+02
6.415270751303357999e-01 2.640587986094525275e-02 2.387315030084861608e-02 -1.590454837283198850e-02 3.978863870911463891e+02
6.667178756108840254e-01 2.762414070371614280e-02 2.307792288220701649e-02 -1.650850076793345528e-02 3.988860706244444714e+02
6.911745892764191712e-01 2.888272696856413954e-02 2.225249784381034407e-02 -1.707182758247270671e-02 3.998857724684407344e+02
7.148690295046042920e-01 3.014971611316134836e-02 2.139890646468670804e-02 -1.759022579075418882e-02 4.008854927588380406e+02
7.377734435364061705e-01 3.139571903206095360e-02 2.051939517514899877e-02 -1.806415552525440435e-02 4.018852315548899696e+02
7.598608542959153223e-01 3.259721818383964215e-02 1.961618739888627838e-02 -1.849740973936051316e-02 4.028849888306893945e+02
7.811053310227341617e-01 3.373816510724363810e-02 1.869131691191825220e-02 -1.889559910077622321e-02 4.038847644698481076e+02
8.014821731943001515e-01 3.481008198216439808e-02 1.774653695687944052e-02 -1.926479215413706009e-02 4.048845582635688629e+02
8.209680086808748278e-01 3.581105943595644381e-02 1.678329734917258925e-02 -1.961046305507685439e-02 4.058843699116155790e+02
8.395408189209492278e-01 3.674409393294292281e-02 1.580277419641874792e-02 -1.993681364772445508e-02 4.068841990254143752e+02
8.571799106949061775e-01 3.761518186995570917e-02 1.480593351403252517e-02 -2.024646497670174600e-02 4.078840451324541050e+02
8.738658562174360656e-01 3.843150883534257600e-02 1.379361026519743821e-02 -2.054046191735018137e-02 4.088839076812460576e+02
8.895804217245975032e-01 3.919996692206319938e-02 1.276658716932992967e-02 -2.081850524279212078e-02 4.098837860462900835e+02
9.043065007238347830e-01 3.992612290087300259e-02 1.172566190719032293e-02 -2.107931628472641331e-02 4.108836795327129039e+02
9.180280628464928538e-01 4.061366237082621178e-02 1.067169609295400175e-02 -2.132104619391799252e-02 4.118835873804524681e+02
9.307301238701081170e-01 4.126426026452233164e-02 9.605643783258101254e-03 -2.154165934172767166e-02 4.128835087680223523e+02
9.423987377671131371e-01 4.187778071436524391e-02 8.528560816171718018e-03 -2.173924322921017699e-02 4.138834428159963750e+02
9.530210080795213923e-01 4.245268861251449283e-02 7.441598654711209515e-03 -2.191222069250169796e-02 4.148833885903985106e+02
9.625851137096226307e-01 4.298655692240896387e-02 6.345987620086124791e-03 -2.205946070743514467e-02 4.158833451061832989e+02
9.710803433038663890e-01 4.347657159842953367e-02 5.243014584714367904e-03 -2.218029956051545751e-02 4.168833113309551095e+02
9.784971325691494970e-01 4.391996293454723810e-02 4.133999606688594508e-03 -2.227449373294016280e-02 4.178832861890228969e+02
9.848270997828736384e-01 4.431432195567925475e-02 3.020274920041586195e-03 -2.234212977174979131e-02 4.188832685658290984e+02
9.900630761029055593e-01 4.465778806620554486e-02 1.903168431454096629e-03 -2.238351567728700392e-02 4.198832573127406818e+02
9.941991287449575276e-01 1.107644618109386719e-01 7.839926475897464331e-04 5.263041965389574778e-02 4.208832512521541389e+02
1.000521342700762428e+00 -5.512731637003256968e-02 3.415513630284533995e-03 -6.418813771395612267e-02 4.218832466029061834e+02
1.001180499949302805e+00 8.917162884428330230e-03 2.061067445867275152e-04 -5.282993522625242105e-02 4.228832501844319154e+02
1.001832464827181690e+00 4.691636435295252344e-02 -2.435390016725893624e-03 -4.229721205432435127e-02 4.238832500712975389e+02
1.001742888478869720e+00 6.669430234061680951e-02 -4.550250619442110928e-03 -3.288139553790728892e-02 4.248832528187133448e+02
1.000527334156219306e+00 7.372815778715390012e-02 -6.194320396337475547e-03 -2.509686804699473237e-02 4.258832576400779999e+02
9.980193905386534059e-01 7.235018493737437051e-02 -7.449163798687211818e-03 -1.929435595286168800e-02 4.268832612899823289e+02
9.941877045116402911e-01 6.607683102026136457e-02 -8.413881596330295698e-03 -1.557698265902357146e-02 4.278832604922596943e+02
9.890776467961199803e-01 5.769932233700900137e-02 -9.192730729281475138e-03 -1.379628564846006877e-02 4.288832528935703863e+02
9.827698897590375626e-01 8.094417688630628493e-02 -9.882545011704478924e-03 2.248093819200979934e-02 4.298832371610619703e+02
9.769345168203863450e-01 -6.011793438671842425e-03 -8.758498102103988436e-03 -3.461780757568095473e-02 4.308832283251840067e+02
9.678755525544360250e-01 1.962823244908599302e-02 -1.048938848088803652e-02 -3.077352133193170941e-02 4.318831873371042889e+02
9.583677140575489473e-01 3.504266145853766889e-02 -1.202806454748462164e-02 -2.750026336788191639e-02 4.328831426181923234e+02
9.480919458634530228e-01 4.372667147401145676e-02 -1.340307771587871677e-02 -2.459031453105066031e-02 4.338830913561575926e+02
9.368754066351183685e-01 7.795539909677633161e-02 -1.463259344243125065e-02 1.227904051571093030e-02 4.348830308389775610e+02
9.261406880390827823e-01 -9.115832534591507275e-03 -1.401864141664570414e-02 -5.284488645790814954e-02 4.358829808169401190e+02
9.116667589396990623e-01 -1.630209673997692552e-02 -1.666088573954111265e-02 -9.978527162387054728e-02 4.368828761680256321e+02
8.941916522826386382e-01 1.533511993398944395e-01 -2.165014932073464071e-02 2.060686730733642461e-02 4.378827237989390824e+02
8.802089572977414011e-01 8.953544735260807186e-02 -2.061980595536782104e-02 1.245225316868228509e-02 4.388826554344606166e+02
8.640664331794898345e-01 1.153425992857178561e-01 -1.999719329693370670e-02 7.995287229633676884e-02 4.398825351574303113e+02
8.498365495284081472e-01 -9.948181693529288203e-03 -1.599954968211686826e-02 2.939872962587421895e-02 4.408824505389497972e+02
8.333403370253265052e-01 -1.237186125427537503e-01 -1.452961320082315697e-02 -8.372916826335743967e-02 4.418823145909032633e+02
8.126259573589540430e-01 -2.370552244254659977e-02 -1.871607161399102895e-02 -6.732164199312923314e-02 4.428821191619134083e+02
7.927259098732405418e-01 3.738031643069675974e-02 -2.208215371364749199e-02 -5.105979873346812303e-02 4.438819218389400021e+02
7.725141108919284516e-01 1.369963320479102020e-01 -2.463514365032089953e-02 4.027820502823260124e-02 4.448817193066313962e+02
7.547291971348388806e-01 -1.897779588960857647e-02 -2.262123339890927121e-02 -6.492441669475246258e-02 4.458815846059743535e+02
7.311612459551203314e-01 4.414830008661829036e-02 -2.586745423364689503e-02 -4.315097863886373231e-02 4.468813072935577679e+02
7.075033529128464949e-01 7.242724583698678664e-02 -2.802500316559008303e-02 -2.553351479932942925e-02 4.478810298434573838e+02
6.831019583543594953e-01 7.830797701245355291e-02 -2.930167890555655449e-02 -1.218004256406758634e-02 4.488807386441631024e+02
6.577181903952312725e-01 1.395770871532084068e-01 -2.991068103375993381e-02 7.533037631142744384e-02 4.498804240920277380e+02
6.347877018664066506e-01 -4.843517435305539492e-02 -2.614416221818856301e-02 -4.181099700971977612e-02 4.508801855121195672e+02
6.062255867693667755e-01 5.833904825145719980e-02 -2.823471206867455077e-02 3.559855070411895028e-02 4.518797804653363528e+02
5.809104157924611656e-01 -5.850419809091194495e-02 -2.645478453346860465e-02 -5.419953448047867828e-02 4.528794642407022479e+02
5.515345305540345633e-01 5.470597744206871262e-03 -2.916476125749253856e-02 -3.729066893819342476e-02 4.538790369565260789e+02
5.226473171959956643e-01 3.814848044145809774e-02 -3.102929470440220910e-02 -2.343095825607226929e-02 4.548786196713240884e+02
4.935295073534563537e-01 5.052788041011251757e-02 -3.220084261720582153e-02 -1.252467250119252556e-02 4.558781974779086568e+02
4.638593135912023602e-01 5.019598016215789937e-02 -3.282707624226544746e-02 -4.630324863541602706e-03 4.568777604135304387e+02
4.335465796954031115e-01 4.273666223486276977e-02 -3.305859248544252421e-02 3.753072850235682949e-04 4.578773040280139526e+02
4.026296739183269913e-01 -3.360030103958961539e-02 -3.303982712119134246e-02 -7.222215282463584352e-02 4.588768282703377395e+02
3.679167595232639143e-01 5.995785988296618851e-02 -3.665093476242313464e-02 -2.553050708850887474e-02 4.598762270075916945e+02
3.342699093864911486e-01 9.693992760609020098e-02 -3.792746011684857560e-02 1.918513842037529449e-02 4.608756652882465232e+02
3.011950522899732308e-01 1.353384507639832368e-01 -3.696820319582980879e-02 1.080479388029427779e-01 4.618751299185371408e+02
2.709975680032806200e-01 -3.308741202597111769e-02 -3.156580625568267129e-02 3.393189742596978975e-02 4.628746967763227644e+02
2.377834570531307534e-01 -6.207926985419860710e-02 -2.986921138438418041e-02 1.287768410340237903e-02 4.638741464047562886e+02
2.048161079075376534e-01 -6.619670065208373144e-02 -2.922532717921406259e-02 -3.661888082133134357e-03 4.648736076538698399e+02
1.722865192366982434e-01 -5.457150417211188709e-02 -2.940842158332071868e-02 -1.482382926411499914e-02 4.658730839071489527e+02
1.401549410924274874e-01 -3.495809733215728132e-02 -3.014961304652646890e-02 -2.058143811463193293e-02 4.668725712791595583e+02
1.082627849957457922e-01 -1.347381940469723378e-02 -3.117868495225806572e-02 -2.159098310590960509e-02 4.678720641233314836e+02
7.641578777282470591e-02 5.542248438203446238e-03 -3.225823410755354614e-02 -1.896752433619257328e-02 4.688715571061119363e+02
4.444011624691302648e-02 1.951538484464064235e-02 -3.320661032436317273e-02 -1.401398847923044505e-02 4.698710457920017802e+02
1.221483960278720027e-02 2.742801713125895408e-02 -3.390730974832469741e-02 -7.989839113653848801e-03 4.708705268992123365e+02
-2.031536070296745961e-02 -8.186498947012942409e-03 -3.430680170400739193e-02 -4.489179337147185256e-02 4.718699985930628031e+02
-5.502451729207485237e-02 3.051682761992037807e-01 -3.655139137258098248e-02 2.792767665146369538e-01 4.728693961325813575e+02
-7.631954811403714178e-02 -2.952122109866990307e-01 -2.258755304684913201e-02 -1.151900185359941153e-01 4.738692857969215311e+02
-1.136620258199034228e-01 -1.603107005171130750e-01 -2.834705397364883916e-02 -1.369051716592840917e-01 4.748686973312669011e+02
-1.500175983190369655e-01 5.709612175790336475e-03 -3.519231255661304375e-02 -9.331216463087418922e-02 4.758680683940609129e+02
-1.849173432089651070e-01 1.782343517897999885e-01 -3.985792078815675321e-02 4.195873856787822598e-02 4.768674592531875192e+02
-2.158600717194641971e-01 6.665600172021325653e-02 -3.775998385976284122e-02 2.057859841033847590e-03 4.778670201399086181e+02
-2.502806586971567659e-01 1.043304924863352606e-01 -3.765709086771115016e-02 6.848698278052564592e-02 4.788664331329943025e+02
-2.827160238174479812e-01 9.226178336456311579e-02 -3.423274172868486648e-02 1.356073088494329226e-01 4.798659205812489859e+02
-3.123316933862153033e-01 -7.964528476063688356e-02 -2.745237628621322035e-02 6.194401808979193430e-02 4.808654925860128628e+02
-3.437613853825451926e-01 -1.256449680966315319e-01 -2.435517538172362467e-02 2.541355449615306100e-02 4.818650064843101859e+02
-3.743945382858486770e-01 -1.121330050566786557e-01 -2.308449765691597197e-02 1.674370068344147033e-02 4.828645569215509568e+02
-4.030821421761628942e-01 -1.804234970995954590e-01 -2.224731262274389984e-02 -8.673651861051856482e-02 4.838641610711572412e+02
-4.343465621164308010e-01 5.881860355516676901e-03 -2.658413855326982947e-02 7.218832820477687207e-03 4.848637129295625527e+02
-4.606335804354144692e-01 -6.372470524808609982e-02 -2.622319691224594615e-02 -6.530500326712893044e-02 4.858633674094497792e+02
-4.900389118358252083e-01 8.947177029410351146e-02 -2.948844707560239337e-02 4.408147354137462171e-02 4.868629400574250781e+02
-5.150514417832734448e-01 -7.993272457711446399e-02 -2.728437339853366159e-02 -8.957820017498324683e-02 4.878626372047351083e+02
-5.463275787572869913e-01 2.367465260636561486e-02 -3.176328340728282185e-02 -5.850456568525504164e-02 4.888621559771236775e+02
-5.769023858622677192e-01 1.163786619598676103e-01 -3.468851169154557601e-02 1.538962715601857600e-02 4.898616891593609921e+02
-6.057685087239491617e-01 1.984624479891936577e-01 -3.391903033374464582e-02 1.578849300726011262e-01 4.908612893829170503e+02
-6.297636207867706171e-01 -5.129724635851481279e-03 -2.602478383011459090e-02 9.828832956063450477e-02 4.918610507059113388e+02
-6.560418663771074854e-01 -1.935997650766322908e-01 -2.111036735208286427e-02 -5.156636578242292102e-02 4.928607054060922792e+02
-6.868284972021220236e-01 -6.097384851097757685e-02 -2.368868564120401102e-02 7.497156803784733696e-04 4.938602782576318759e+02
-7.135628044788884239e-01 -4.861938629372799386e-02 -2.365119985718508802e-02 -4.866816752857704501e-03 4.948599254810761749e+02
-7.396420888287978945e-01 -1.087925915539129755e-02 -2.389454069482797177e-02 1.874421578005356498e-02 4.958595883145053449e+02
-7.640781635051345777e-01 -4.032725342365831023e-03 -2.295732990582529526e-02 3.560526003564851161e-02 4.968592898570419720e+02
-7.872350600304447443e-01 3.958571887784444188e-02 -2.117706690404286968e-02 1.080582338132578812e-01 4.978590217204936152e+02
-8.064317019594864355e-01 -6.674529983689765633e-02 -1.577415521337997492e-02 7.311489786861830042e-02 4.988588394071302901e+02
-8.255420528210313247e-01 -1.721315779090701603e-01 -1.211841031994905990e-02 -1.926559632544711312e-02 4.998586623573707470e+02
