6.597997823243998235e-07
4.614984495844376769e-04
-7.547590141225034885e-05
-3.866344381268254672e-04
-5.230583194206306439e-04
-5.292460638530443063e-04
-4.469659889475533117e-04
-3.140479437642753583e-04
-1.623190227837769696e-04
-1.596768345157062135e-05
1.091110849900415406e-04
2.049184775821169795e-04
2.701103789592036448e-04
3.082432781354907500e-04
3.258542469518954979e-04
3.306689735310846309e-04
3.301443746544320329e-04
3.304550458364360530e-04
3.359436858376096914e-04
3.489860275038131603e-04
3.701760241003866181e-04
3.987172462327254370e-04
4.329080415832232162e-04
4.706251837817917744e-04
5.097369046301588680e-04
5.484051910753967888e-04
5.852640854367384664e-04
6.194821515527970885e-04
6.507316567027708176e-04
6.790942336411562134e-04
7.049337678350502427e-04
7.287635743343541658e-04
7.511283880091726385e-04
7.725140019944161038e-04
7.932899586524620739e-04
8.136845128009910803e-04
8.337866917860792563e-04
8.535678131153048593e-04
8.729141160514385578e-04
8.916628420650566690e-04
9.096356878856732284e-04
9.266655795188476425e-04
9.426147681272403463e-04
9.573840284333043566e-04
9.709140674984112875e-04
9.831810603307920837e-04
9.941885447314535371e-04
1.003957819992336385e-03
1.012518624925409392e-03
1.019901348997640390e-03
1.026131471839981371e-03
1.031226420386356039e-03
1.035194637164995593e-03
1.038036394081638626e-03
1.039745763346038845e-03
1.040313151336300004e-03
1.039727881442870788e-03
1.037980443518577095e-03
1.035064177908408527e-03
1.030976304687372842e-03
1.025718325556862834e-03
1.019295907162943429e-03
1.011718398576544158e-03
1.002998146009699294e-03
9.931497523241693531e-04
9.821893965680417084e-04
9.701342888678129084e-04
9.570022961891786351e-04
9.428117404016940527e-04
9.275813450259537928e-04
9.113302921475963884e-04
8.940783456150037120e-04
8.758459990080924920e-04
8.566546145088918931e-04
8.365265292837342249e-04
8.154851169589536061e-04
7.935548016132001068e-04
7.707610292817162817e-04
7.471302067994634423e-04
7.226896199849199487e-04
6.974673430373205633e-04
6.714921492594772695e-04
6.447934304923318366e-04
6.174011296383941560e-04
5.893456877743623269e-04
5.606580051136466052e-04
5.313694134890102443e-04
5.015116572215463399e-04
4.711168790880833541e-04
4.402176084638860097e-04
4.088467493439621879e-04
3.770375667870688187e-04
3.448236710656556962e-04
3.122389994774344107e-04
2.793177962194175017e-04
2.460945909935361516e-04
2.126041770779371111e-04
1.788815895069292578e-04
1.449620838586596799e-04
1.108811158877378802e-04
7.667432204262989999e-05
4.237750070352313528e-05
8.026593835711043633e-06
-2.634233133457228651e-05
-6.069310104269606392e-05
-9.498945452037608366e-05
-1.291950646796158830e-04
-1.632735602675710186e-04
-1.971885496803707429e-04
-2.309036466070972602e-04
-2.643824975832455662e-04
-2.975888115081395469e-04
-3.304863911396417869e-04
-3.630391665590961101e-04
-3.952112305997459714e-04
-4.269668762075920282e-04
-4.582706357110348538e-04
-4.890873219627197514e-04
-5.193820713004819933e-04
-5.491203882775477557e-04
-5.782681920702230621e-04
-6.067918644496453004e-04
-6.346582992220424014e-04
-6.618349529385772565e-04
-6.791275297406295817e-04
5.687189452963133628e-03
-6.999462873986775878e-03
-3.786838682124590155e-03
-1.701561210468123487e-03
-4.348974638818323135e-04
2.138658564583010213e-04
4.094975548447416978e-04
2.972409110475173139e-04
4.475272591641049304e-06
-3.630493214792229078e-04
-7.250213784196165613e-04
-1.027940441541549824e-03
-1.243542172295845384e-03
-1.364832944292014225e-03
-1.400683719847811790e-03
-1.369949398378341896e-03
-1.295930463491996995e-03
-1.201775796824626225e-03
-1.107177993634130258e-03
-1.026465592872966709e-03
-9.679839304663888930e-04
-9.345051994237942895e-04
-9.243304464250748668e-04
-9.327370256513239444e-04
-9.534687933814622656e-04
-9.800426283304724834e-04
-1.006733481270443743e-03
-1.029184417913666175e-03
-1.044656700045459895e-03
-1.051982232091571139e-03
-1.051305940607844425e-03
-1.043711537335614489e-03
-1.030815248127628500e-03
-1.014393763364373818e-03
-9.960899768507935296e-04
-9.772173447864344886e-04
-9.586641028347752226e-04
-9.408840526440432174e-04
-9.239518828404110233e-04
-9.076577294707511385e-04
-8.916169056166445240e-04
-8.753750599139874678e-04
-8.584950029836162016e-04
-8.406177689085525973e-04
-8.214961577549324996e-04
-8.010034003535076172e-04
-7.791224189631491522e-04
-7.538467418659909125e-04
7.081723309281827200e-04
-9.445856827951397416e-03
-1.500612520573969908e-03
9.729433232369022466e-03
8.121024190611645516e-03
3.082725789590887925e-04
-7.931548528530051392e-03
2.012772685424170458e-03
-1.075697703182770804e-02
-5.326195860678046776e-03
-1.617594400900724920e-03
7.293764875025950459e-04
1.983822775478335729e-03
2.398218550230651110e-03
2.218797127076205244e-03
1.678067315479175002e-03
9.798091198391797006e-04
2.851896690566733819e-04
-2.947123470298483594e-04
-6.987487187752986243e-04
-9.045119617304677112e-04
2.442301701669290399e-03
-1.038453465401605914e-02
9.460672434311716630e-03
-3.421117432154387357e-03
-9.617224769972808340e-03
8.655430838643970656e-03
2.532264269122059489e-03
1.101494220070183168e-03
1.851925709123918365e-04
-3.269166386482788046e-04
-5.294259066715626240e-04
-5.084402418844830148e-04
-3.433379035303226454e-04
-1.038896497680334534e-04
1.493198427874465185e-04
-2.450522747304554293e-03
5.180176100162528540e-04
4.800869370736479853e-03
-3.328532480748950780e-04
3.814302950272741456e-03
1.496144765932453779e-03
1.350820855459076704e-04
-5.295311199019624594e-04
-6.968387785749056897e-04
-5.363837021618581479e-04
-1.920872717197668776e-04
2.200644882004480166e-04
6.146221086691021438e-04
9.368379217147066633e-04
1.159885935946794499e-03
1.279777736568347068e-03
1.309003325990089296e-03
1.269913148202729070e-03
1.188680087020992744e-03
1.090436373306361267e-03
9.959083563601399576e-04
9.196059029411982532e-04
8.694007173768501882e-04
8.471775214770956193e-04
8.501731895657829588e-04
8.726233622958411108e-04
9.073947508384602604e-04
9.473713307710091274e-04
9.864620056568148762e-04
1.020188566183222265e-03
1.045884513476053740e-03
1.062582534178714132e-03
1.072742677768812221e-03
2.504717160873142553e-03
-3.354874768882716921e-04
3.829780008579346186e-04
8.357390272022771627e-04
-5.664423470322379160e-03
7.900987769565610830e-03
4.511960028824025387e-03
2.249782886126957919e-03
8.156956134295761940e-04
4.490858021858289400e-04
-7.178298116729645321e-04
-4.750550646690556442e-04
-9.784069949830241913e-05
3.241774674323599456e-04
7.174018629380912076e-04
1.031933654731855606e-03
1.242299227421930774e-03
1.344448556388563734e-03
1.350558831059357583e-03
1.282975664062108471e-03
1.168346912881261046e-03
1.032703462022889181e-03
8.979286495842654864e-04
7.889427677197602103e-04
7.105359635766119765e-03
-5.656689402736165065e-03
-2.441610151160354941e-03
-3.436871254175847558e-04
9.540953321316038684e-04
8.907311797056900737e-03
-5.293176825578194480e-03
-1.694332063610046266e-03
4.232276028776166222e-04
1.523149869984589694e-03
3.292070882597137108e-03
4.981030925314984797e-04
8.744926156558849306e-03
-6.899922046382586313e-03
-7.373012700422300857e-03
3.480608080624276839e-03
2.661242574556999928e-03
1.890545196654017926e-03
1.172265826410295040e-03
-3.750000857556860020e-03
-2.912855472683124197e-03
1.367418110082998725e-03
3.190324085061287031e-03
1.130895375189074591e-02
-1.217246539387797834e-03
2.430887387602999675e-03
-2.144349487980773666e-03
-1.137872783399333960e-02
2.407369673288418423e-03
-5.702918877863471549e-04
-1.744240602050097259e-03
-1.859922520070100014e-03
-1.418480578051228153e-03
-7.772881998051052975e-04
-7.006750151453040171e-03
1.465972603975618758e-02
-3.555449731839244610e-03
-9.335152517947085601e-03
2.199126392691139946e-04
9.187100627150798435e-03
3.472033063512025737e-03
4.096106655106482482e-03
-2.296176541484576178e-04
-7.271889949198738403e-04
-5.685757379306759229e-03
-1.417256446707800335e-02
1.499422387130969203e-02
-1.836972521955468687e-02
-8.833828419416803537e-03
-3.448315661449493676e-03
2.776754543180179856e-03
6.596819053812462592e-03
6.803427114589939012e-03
5.474992269720684729e-03
3.379437301361179827e-03
1.125592900382229840e-03
-8.682033256246834757e-04
-2.366437032534917349e-03
-3.282619173864122827e-03
-3.639577462458583323e-03
-3.533024635729245782e-03
-3.099082060629702613e-03
-2.485342469440254658e-03
-1.826992406602180249e-03
-1.237499121164144233e-03
-5.796125717417055512e-03
4.465117526445218366e-03
2.050541481053449154e-03
3.935940051554194258e-04
6.976581893143864134e-04
1.599497380842185333e-03
-5.304390047521748662e-03
-1.025405649341035348e-02
1.646973212207191199e-03
8.231366224948346785e-03
-1.306264802311777294e-02
6.238045335520414625e-03
-6.799851249015851327e-03
-4.137013621354990178e-03
5.533735431447837222e-03
-8.007310286546878361e-04
2.657873565383089571e-03
4.303100370200743999e-03
-2.445314765119952286e-03
-1.500010095034401110e-04
1.067629474180109951e-03
-5.533846163335429634e-03
2.050199041925088671e-04
-5.821869506441449890e-03
4.816235830924836189e-03
-8.662939171874930663e-03
3.219528331973320508e-03
-1.170839335175143407e-03
-3.014392626778090219e-03
-1.064704770311908529e-02
1.583650114345339002e-03
4.343950364488972492e-04
5.653036159164334662e-03
1.940467261978937432e-03
-6.553022602566451089e-03
4.878301090989969717e-03
7.690701417358642746e-03
-7.125321377618164601e-03
-4.845668870482133447e-03
-2.981766750983228572e-03
-1.488945047155947748e-03
-3.766671126738793045e-04
3.600880826992420929e-04
7.545126200907746692e-04
8.658719985010558630e-04
7.699618538453207239e-04
5.472766798050677844e-04
2.721769013257406642e-04
4.980942952678569939e-06
-2.122631105520153745e-04
-3.564967804480309458e-04
-4.216069179470175940e-04
-4.146037188605671431e-04
-3.510084625374034362e-04
-2.502961935960132476e-04
-1.320168156910305802e-04
-1.296312296406177867e-05
9.449193545312774745e-05
1.829683073800517101e-04
2.497779496903600074e-04
2.960325101496177002e-04
3.254490917541141338e-04
3.431072037198293020e-04
3.543478050002015628e-04
3.639332243802316123e-04
3.755173995629395548e-04
3.914182324479224947e-04
4.126428911862288279e-04
4.390939631881028357e-04
4.698779341036394370e-04
5.036440449269744988e-04
5.388967243281523331e-04
5.742440091444845534e-04
6.085637699224451420e-04
6.410862927158086444e-04
6.714041457532538785e-04
6.994276911279252587e-04
7.253073764299213183e-04
7.493429381270162379e-04
7.718960440813625807e-04
7.933179207966245842e-04
8.138982364238365281e-04
8.338367743121965180e-04
8.532357625239196967e-04
8.721083561530092306e-04
8.903976863353424203e-04
9.080008983469920174e-04
9.247934033503231194e-04
9.406498340772472639e-04
9.662684162915836147e-04
8.520561613189238381e-03
-6.414170781436925005e-03
-2.565639317076520189e-03
-6.595111969316097404e-05
1.459277642909204966e-03
2.254481831111251455e-03
2.516220207858169480e-03
2.414398883440505971e-03
2.102215870598958102e-03
5.319375210908042217e-03
-2.274127503522349603e-03
-7.735015509154605012e-04
1.835204944562520975e-04
7.883855839777908830e-04
4.587039419182567350e-03
-3.476050831807164874e-03
-6.488058031376030786e-03
8.838417238796955622e-03
5.194787925191823516e-03
1.031709000868343863e-02
1.163076227643905980e-03
-1.095599514040795745e-02
-5.021722159227811656e-03
-1.030474987306594743e-03
9.128856168881484615e-03
-4.647928176324710864e-03
-2.518053530333252488e-04
2.165649250578811132e-03
3.231778931056383287e-03
1.125510466104849908e-02
-4.794042430543630356e-03
4.932957638853032074e-03
-6.012506385967545178e-03
-1.851231979480808150e-03
5.719670535151578483e-04
1.812220851352104069e-03
2.245421803102126516e-03
2.146895546998822766e-03
-5.791344000378435483e-03
1.547124532961556814e-03
5.951905495284192521e-03
1.291530606227353148e-02
2.783760317668315079e-04
-2.370666576260762205e-03
-3.518910425433571711e-03
-3.573664463965926276e-03
-2.921065332578231047e-03
-1.904345185947081513e-03
-8.039857869650566050e-04
1.770315765736045271e-04
9.098664938999901936e-04
-2.922585311910907372e-03
3.112210450532497050e-02
-2.132681878640543122e-02
-1.581349672336669274e-02
-5.016625270039097237e-03
1.129515974983423716e-02
3.458352067852641949e-03
9.129777877013894177e-03
1.233410311259378923e-02
-4.533115426202930149e-04
-4.831621980130985407e-03
-4.664382626704500698e-03
-1.395040226380674271e-02
6.952059411367111615e-04
-6.893434022259494962e-03
6.966403571022817057e-03
-9.099055966950275048e-03
-2.142555783440675595e-03
6.714716660210054942e-03
1.891444281602875158e-02
5.327289488121603710e-03
-1.260923735204092476e-02
-3.005487900265475711e-03
-2.704113175687453477e-03
5.276529715367380855e-04
1.839413352326696059e-03
8.135869525919480275e-03
8.204371071136229085e-04
