2.618898970117214750e-07
3.658053375118098670e-04
-1.261283267265474271e-03
-4.696337387141578858e-04
1.920751084195299117e-04
4.215073534397538110e-04
3.629549640656356668e-04
2.581278570439691361e-04
2.401797366444534225e-04
3.118902818300103895e-04
4.175939406515785050e-04
5.108601645904275752e-04
5.780089221586726372e-04
6.278780434584567850e-04
6.733916124294065221e-04
7.210489220434021995e-04
7.703754458841517673e-04
8.180261489879544785e-04
8.613525178564126073e-04
8.995240018608778414e-04
9.328971902415524606e-04
9.620189390455105441e-04
9.870894225305383574e-04
1.007957479172836689e-03
1.024350028261636347e-03
1.036061506649233431e-03
1.043009177016022840e-03
1.045196240819719824e-03
1.042657750444794633e-03
1.035432341066381927e-03
1.023562370297975872e-03
1.007105905541464839e-03
9.861459155044273797e-04
9.607919167920727158e-04
9.311765874970112482e-04
8.974514911775369674e-04
8.597842253711717505e-04
8.183571005151121010e-04
7.733664455520241439e-04
7.250217736594135069e-04
6.735445918998805501e-04
6.191670255783848992e-04
5.621305000849034870e-04
5.026846092967579994e-04
4.410861716963449517e-04
3.775984176849424994e-04
3.124902569354156092e-04
2.460356016687300002e-04
1.785127384912259902e-04
1.102037415351022855e-04
4.139391067238032792e-05
-2.762878948251757549e-05
-9.657431708485091678e-05
-1.651511929694781430e-04
-2.330672154207716579e-04
-3.000302685652065445e-04
-3.657492395441799132e-04
-4.299350556651957561e-04
-4.923018478854846976e-04
-5.525682417097318999e-04
-6.104587703228198841e-04
-6.657053986869073238e-04
-7.180491411240300060e-04
-7.672417493139855292e-04
-8.130474425149140450e-04
-8.552446475532081167e-04
-8.936277131748350793e-04
-9.280085612963825514e-04
-9.582182373610133785e-04
-9.841083231142070797e-04
-1.005552177558264150e-03
-1.022445976035133005e-03
-1.034709522446908411e-03
-1.042286816143938579e-03
-1.045146362146628927e-03
-1.043281220716910747e-03
-1.036708800365391701e-03
-1.025470405466824076e-03
-1.009630556766864026e-03
-9.892761091222239313e-04
-9.645151954207522704e-04
-9.354760295547042510e-04
-9.023056034080297614e-04
-8.651683133160510903e-04
-8.242445512393663460e-04
-7.797292934502636020e-04
-7.318307165967068238e-04
-6.807688668484426341e-04
-6.267744027847236242e-04
-5.700874273829503649e-04
-5.109564185944672670e-04
-4.496372622720822172e-04
-3.863923854961489961e-04
-3.214899830253494331e-04
-2.552033247974779917e-04
-1.878101282717637951e-04
-1.195919759716932877e-04
-5.083375617213818333e-05
1.817689695540877773e-05
8.715018789499030165e-05
1.557947928022155660e-04
2.238185632125609572e-04
2.909293202259122940e-04
3.568357555208220193e-04
4.212484513342995671e-04
4.838810265287884138e-04
5.444514103207351210e-04
6.026832392954084832e-04
6.583073672213904598e-04
7.110634710605044650e-04
7.607017308546733508e-04
8.069845559698377241e-04
8.496883258276665242e-04
8.886051099154622509e-04
9.235443299453487045e-04
9.543343262244415991e-04
9.808237913470851076e-04
1.002883036611402047e-03
1.020405060243367856e-03
1.033306392015085869e-03
1.041527694514888082e-03
1.045034108916518406e-03
1.043815340184462218e-03
1.037885484690605469e-03
1.027282610489492964e-03
1.012068107653512272e-03
9.923258320766324865e-04
9.681610713979973666e-04
9.396993651808581037e-04
9.070852143570284042e-04
8.704807152075269647e-04
8.300641533782102382e-04
7.860285910623206456e-04
7.385804777012935267e-04
6.879383105041175610e-04
6.343313662337154686e-04
5.779985202828422314e-04
5.191871634171993160e-04
4.581522206682188056e-04
3.951552712383158859e-04
3.304637628035258265e-04
2.643503088050198598e-04
1.970920529893043806e-04
1.289700820357725505e-04
6.026886444103625554e-05
-8.724307834633495827e-06
-7.771989910736216295e-05
-1.464267550105135380e-04
-2.145527952621748132e-04
-2.818057944321506413e-04
-3.478942675147842639e-04
-4.125284730557206856e-04
-4.754215417539079704e-04
-5.362907328345897003e-04
-5.948588146583602774e-04
-6.508555599415428820e-04
-7.040193397924341626e-04
-7.540987950056858785e-04
-8.008545577428093348e-04
-8.440609923000502810e-04
-8.835079201469023128e-04
-9.190022922053274609e-04
-9.503697705592000595e-04
-9.774561824752964027e-04
-1.000128811554559533e-03
-1.018277494807041635e-03
-1.031815499163455090e-03
-1.040680156921682019e-03
-1.044833247016427498e-03
-1.044261115855809425e-03
-1.038974539782368560e-03
-1.029008338332493408e-03
-1.014420754783678736e-03
-9.952926266587277821e-04
-9.717263741589060198e-04
-9.438448382995285333e-04
-9.117900033742119305e-04
-8.757216392102816971e-04
-8.358158986206367302e-04
-7.922639036328832287e-04
-7.452703513315925331e-04
-6.950521661761748567e-04
-6.418372209647064128e-04
-5.858631431862913264e-04
-5.273762180344304358e-04
-4.666303932368119243e-04
-4.038863853993387466e-04
-3.394108819773197414e-04
-2.734758280262838980e-04
-2.063577826076174403e-04
-1.383373260744642373e-04
-6.969849671615537185e-05
-7.282334486906624768e-07
6.828419955686557846e-05
1.370478303562536768e-04
2.052706614736670647e-04
2.726604375267696785e-04
3.389255156000309981e-04
4.037758517210426413e-04
4.669241119663440913e-04
5.280869114707291727e-04
5.869861784160173733e-04
6.433506343869640738e-04
6.969173760004487893e-04
7.474335371245538571e-04
7.946580053939720058e-04
8.383631623957167297e-04
8.783366129593872008e-04
9.143828669249739072e-04
9.463249354849615370e-04
9.740058047954398271e-04
9.972897513903945105e-04
1.016063467529868328e-03
1.030236969197578008e-03
1.039744265600456774e-03
1.044543775670749193e-03
1.044618484669896426e-03
1.039975841651576615e-03
1.030647405971140806e-03
1.016688258522634907e-03
9.981761994598912363e-04
9.752107596981429444e-04
9.479120577021078221e-04
9.164195356433005703e-04
8.808906105396807195e-04
8.414992758202853411e-04
7.984346871742076116e-04
7.518997640371683768e-04
7.021098341265244935e-04
6.492913438582271308e-04
5.936806522773268452e-04
5.355229203342119163e-04
4.750711017091557788e-04
4.125850354840451535e-04
3.483306355330605250e-04
2.825791664954644756e-04
2.156065916734348242e-04
1.476929745684521923e-04
7.912191285075619745e-05
1.017998165076378240e-05
-5.884383791805154567e-05
-1.276587690982148595e-04
-1.959729115591598745e-04
-2.634939962850581479e-04
-3.299302409184710796e-04
-3.949913197777174079e-04
-4.583894575748606701e-04
-5.198406509095172953e-04
-5.790660155701358265e-04
-6.357932516748367353e-04
-6.897582125670413938e-04
-7.407065573898031965e-04
-7.883954619427865429e-04
-8.325953575612081740e-04
-8.730916640180771699e-04
-9.096864800564896138e-04
-9.422001936495846743e-04
-9.704729745581916348e-04
-9.943661133807201770e-04
-1.013763174657326353e-03
-1.028570936044475572e-03
-1.038720091426997187e-03
-1.044165702701302422e-03
-1.044887392039946933e-03
-1.040889274540870426e-03
-1.032199638331662839e-03
-1.018870386834032533e-03
-1.000976264240711769e-03
-9.786138907336104902e-04
-9.519006384498813859e-04
-9.209733821063304697e-04
-8.859871596644282440e-04
-8.471137785913408465e-04
-8.045404019944700112e-04
-7.584681462178348129e-04
-7.091107180234969883e-04
-6.566931148415868381e-04
-6.014504064253900972e-04
-5.436266105714942587e-04
-4.834736699178268302e-04
-4.212505308329059727e-04
-3.572223200741100955e-04
-2.916596096565902876e-04
-2.248377559518820949e-04
-1.570362950190346658e-04
-8.853837352493061576e-05
-1.963019213002454335e-05
4.939956251241903569e-05
1.182603213801254838e-04
1.866602954503063694e-04
2.543072180361407946e-04
3.209091855483113889e-04
3.861756110697153852e-04
4.498183008445108110e-04
5.115526582115629151e-04
5.710990140490540632e-04
6.281840764573430082e-04
6.825424864954182354e-04
7.339184607321752466e-04
7.820674957588085764e-04
8.267581051802939734e-04
8.677735554963024543e-04
9.049135645766246284e-04
9.379959252077883737e-04
9.668580158981175850e-04
9.913581629738478680e-04
1.011376820907111847e-03
1.026817542206164913e-03
1.037607713934573855e-03
1.043699044540743852e-03
1.045067791849003253e-03
1.041714730977620889e-03
1.033664868335125052e-03
1.020966915316656775e-03
1.003692542021702733e-03
9.819354367734880063e-04
9.558102019073347897e-04
9.254511195406594755e-04
8.910108223743687123e-04
8.526589053849952275e-04
8.105805127594283227e-04
7.649749321662509521e-04
7.160542250246081444e-04
6.640419169223356734e-04
6.091717672325880481e-04
5.516866314179469160e-04
4.918374238194508485e-04
4.298821826689330143e-04
3.660852338482490764e-04
3.007164444009358356e-04
2.340505524405176450e-04
1.663665559748570943e-04
9.794714026256770350e-05
2.907812088092196301e-05
-3.995212124597463145e-05
-1.088532372360198332e-04
-1.773335632258869678e-04
-2.451008506309368309e-04
-3.118630924511160501e-04
-3.773294607454919219e-04
-4.412113658295939412e-04
-5.032236427488435320e-04
-5.630858646545100531e-04
-6.205237768118461797e-04
-6.752708388530089239e-04
-7.270698567332102005e-04
-7.756746804580079337e-04
-8.208519385240873765e-04
-8.623827760008199962e-04
-9.000645604231723943e-04
-9.337125177334327933e-04
-9.631612607864955102e-04
-9.882661738042236316e-04
-1.008904619401337216e-03
-1.024976938767670296e-03
-1.036407221294177250e-03
-1.043143826246818208e-03
-1.045159646493882015e-03
-1.042452111793841464e-03
-1.035042936937430325e-03
-1.022977627265540508e-03
-1.006324761116875102e-03
-9.851750741789911010e-04
-9.596403758427765997e-04
-9.298523306034456619e-04
-8.959611398580261165e-04
-8.581341595542375323e-04
-8.165544885546720212e-04
-7.714195601400190795e-04
-7.229397658206382664e-04
-6.713371362430134394e-04
-6.168440990732642053e-04
-5.597023280042159399e-04
-5.001616915375603403e-04
-4.384793041263695696e-04
-3.749186767898955741e-04
-3.097489590724579423e-04
-2.432442594091055422e-04
-1.756830270605522226e-04
-1.073474754579986428e-04
-3.852302456478038251e-05
3.050226160547370711e-05
9.943826650741356915e-05
1.679934650922570408e-04
2.358756423554563160e-04
3.027927054408133191e-04
3.684536052156325240e-04
4.325693783131082690e-04
4.948543161262997005e-04
5.550272609549605860e-04
6.128130241950230763e-04
6.679439146493615104e-04
7.201613595449425165e-04
7.692175948702049525e-04
8.148773966209567647e-04
8.569198205117690287e-04
8.951399144130934042e-04
9.293503661742658333e-04
9.593830489872495456e-04
9.850904276329898804e-04
1.006346791649121233e-03
1.023049285381190734e-03
1.035118710312665042e-03
1.042500081499971292e-03
1.045162926899112239e-03
1.043101326167759088e-03
1.036333693173063395e-03
1.024902313729563873e-03
1.008872657182208893e-03
9.883324862562832547e-04
9.633907944439413541e-04
9.341766039226719574e-04
9.008376587760298562e-04
8.635390494151480535e-04
8.224618029425144776e-04
7.778014724213196769e-04
7.297667546837964319e-04
6.785781621477964855e-04
6.244667691607759313e-04
5.676730479501244323e-04
5.084458034012646248e-04
4.470412102669610332e-04
3.837219505363833358e-04
3.187564435169676813e-04
2.524181564329406788e-04
1.849849789926159133e-04
1.167386424221924618e-04
4.796416053088145169e-05
-2.105073060826417514e-05
-9.001615882182309762e-05
-1.586407513473931416e-04
-2.266323419133249584e-04
-2.936987690959689916e-04
-3.595487820760881427e-04
-4.238930657426041794e-04
-4.864453920948516043e-04
-5.469238992429259396e-04
-6.050524933438547210e-04
-6.605623627977859087e-04
-7.131935878243422485e-04
-7.626968228742063731e-04
-8.088350241489941552e-04
-8.513851902041600066e-04
-8.901400802676201181e-04
-9.249098730437593742e-04
-9.555237283162252605e-04
-9.818312143231831823e-04
-1.003703566831292944e-03
-1.021034748860766674e-03
-1.033742285486517493e-03
-1.041767853968299804e-03
-1.045077617261556046e-03
-1.043662297432704006e-03
-1.037536994171396826e-03
-1.026740760128471179e-03
-1.011335948203762828e-03
-9.914073470946324716e-04
-9.670611260242370152e-04
-9.384236231408002145e-04
-9.056400344852037375e-04
-8.688730762920873806e-04
-8.283016734517100171e-04
-7.841196553847294562e-04
-7.365343502069291630e-04
-6.857649634249611765e-04
-6.320408228297091533e-04
-5.755999425454756853e-04
-5.166885929406677671e-04
-4.555621338713244668e-04
-3.924860185752661584e-04
-3.277343424386972882e-04
-2.615835619301760213e-04
-1.943030008644915021e-04
-1.261506061574736649e-04
-5.738595821756909380e-05
1.169660146781797240e-05
8.073699725105013838e-05
1.493286333658631242e-04
2.171261293552424136e-04
2.840028898017829778e-04
3.500987394451258116e-04
4.155487016378821936e-04
4.798692976603969912e-04
5.414361572926662623e-04
5.979160971795236370e-04
6.482733139515832552e-04
6.955322203406533914e-04
7.473481079598959069e-04
8.107459358475067792e-04
8.809714758302144557e-04
9.326416944187654410e-04
9.286922273299013817e-04
8.576730911281290086e-04
7.832721537671828022e-04
8.506061202511116474e-04
1.184910538756407282e-03
1.691279305768195879e-03
1.900560721048405368e-03
1.139510975614763067e-03
-1.768635609892627755e-19
