0.000000000000000000e+00 0.000000000000000000e+00 3.300000000000000155e-02 0.000000000000000000e+00 0.000000000000000000e+00
6.598802165223964511e-02 3.189324190191552937e-03 3.300000000000000155e-02 3.635829576818370122e-03 1.998911098823162646e+00
1.322948020805552738e-01 -1.445277237555969881e-02 3.336358295768183241e-02 -9.447987353479316702e-03 3.997811674786639458e+00
1.975651164414873318e-01 3.516408492622853047e-03 3.241878422233390733e-02 -1.131791358910759146e-02 5.996746860028248527e+00
2.627427844262427148e-01 1.569672159746410972e-02 3.128699286342314506e-02 -1.038924221817788367e-02 7.995684576714237046e+00
3.268754659232344650e-01 1.948963746720423773e-02 3.024806864160535860e-02 -9.688509341978412265e-03 9.994656678325831933e+00
3.893104507321948349e-01 1.906101062619988337e-02 2.927921770740751772e-02 -1.033836252688032087e-02 1.199368285902776421e+01
4.497658038455342178e-01 1.880608103726716385e-02 2.824538145471948772e-02 -1.195288236699950345e-02 1.399276984650304989e+01
5.081289136288743569e-01 2.047269264498225924e-02 2.705009321801953373e-02 -1.372860961860015994e-02 1.599191898653765165e+01
5.642690230295218656e-01 2.356198085036122561e-02 2.567723225615951843e-02 -1.517905188423597680e-02 1.799113195153865163e+01
6.179732659378939230e-01 2.690488834309952282e-02 2.415932706773592231e-02 -1.625548291618347796e-02 1.999041217350896460e+01
6.689769235170952566e-01 2.976413966383249093e-02 2.253377877611757382e-02 -1.712593964788983875e-02 2.198976353473669931e+01
7.170163254947041764e-01 3.204192496253709110e-02 2.082118481132859064e-02 -1.794471366870177206e-02 2.398918872085840448e+01
7.618591843483074610e-01 3.397168499731513525e-02 1.902671344445841170e-02 -1.876151753140884587e-02 2.598868850451910717e+01
8.033068688922352374e-01 3.577904558399875451e-02 1.715056169131752919e-02 -1.954748637140883705e-02 2.798826186656403081e+01
8.411836890998126703e-01 3.754032055510023863e-02 1.519581305417664480e-02 -2.025551111483226210e-02 2.998790637194292330e+01
8.753277442230357197e-01 3.921447518634885859e-02 1.317026194269341720e-02 -2.085791993285207938e-02 3.198761842027798252e+01
9.055886140535645001e-01 4.073030988988391582e-02 1.108446994940820961e-02 -2.135095513672645093e-02 3.398739332198760366e+01
9.318298807630600589e-01 4.204340043767259422e-02 8.949374435735565209e-03 -2.174212655323988150e-02 3.598722531130643887e+01
9.539325623924905795e-01 4.314463831366449620e-02 6.775161780411576538e-03 -2.203802194466045541e-02 3.798710759482714394e+01
9.717971470959373415e-01 4.404256624833412931e-02 4.571359585945531344e-03 -2.223987983951678307e-02 3.998703246121876020e+01
9.853440450311089505e-01 4.474534848115771513e-02 2.347371601993853210e-03 -2.234526660177395957e-02 4.198699143055606697e+01
9.945133064440733195e-01 4.525377092730204637e-02 1.128449418164569008e-04 -2.235135892966545745e-02 4.398697541701876901e+01
9.992643733911443782e-01 4.556336740809049241e-02 -2.122290951150089013e-03 -2.225689112366376760e-02 4.598697489361887136e+01
9.995761211548654934e-01 4.566919577275316972e-02 -4.347980063516465078e-03 -2.206231911911282415e-02 4.798698005936665822e+01
9.954470648359216023e-01 4.556881555622084579e-02 -6.554211975427748881e-03 -2.176910823091824515e-02 4.998698101127851601e+01
9.868955184155526750e-01 4.526264695355921436e-02 -8.731122798519572528e-03 -2.137907738792353685e-02 5.198696792029150515e+01
9.739595868549927316e-01 4.475296919041571453e-02 -1.086903053731192760e-02 -2.089416772314079199e-02 5.398693120714122529e+01
9.566969863603340674e-01 4.404293995793611555e-02 -1.295844730962600506e-02 -2.031653154878674747e-02 5.598686171366056641e+01
9.351847412817997363e-01 4.313621802147695611e-02 -1.499010046450468051e-02 -1.964869739242730909e-02 5.798675086586807481e+01
9.095188002833515251e-01 4.203706487417754878e-02 -1.695497020374741107e-02 -1.889365675711429313e-02 5.998659082616632077e+01
8.798135868200077647e-01 4.075057154231046669e-02 -1.884433587945883934e-02 -1.805485274877113855e-02 6.198637463234171463e+01
8.462014792501262317e-01 3.928277575959538553e-02 -2.064982115433595250e-02 -1.713612158482754819e-02 6.398609632105630141e+01
8.088322120780769842e-01 3.764063206614915585e-02 -2.236343331281870697e-02 -1.614163748341401750e-02 6.598575103355936733e+01
7.678721955143843481e-01 3.583190697949804882e-02 -2.397759706116010803e-02 -1.507588014809619313e-02 6.798533510161325921e+01
7.235037570819767838e-01 3.386507508808401373e-02 -2.548518507596972751e-02 -1.394361867750806144e-02 6.998484611206723116e+01
6.759243120571144514e-01 3.174924718199400447e-02 -2.687954694372053296e-02 -1.274989858347728468e-02 7.198428294899011348e+01
6.253454693464531866e-01 2.949412330798661941e-02 -2.815453680206826334e-02 -1.150002381829023229e-02 7.398364581270871554e+01
5.719920780485465706e-01 2.710995184991044429e-02 -2.930453918389728726e-02 -1.019953309044939645e-02 7.598293621549419186e+01
5.161012190302683988e-01 2.460748274042524886e-02 -3.032449249294222673e-02 -8.854173487062100625e-03 7.798215695402535630e+01
4.579211457701410359e-01 2.199791371096462833e-02 -3.120990984164843593e-02 -7.469874238367297734e-03 7.998131205915289854e+01
3.977101791143753395e-01 1.929283417552584909e-02 -3.195689726548516657e-02 -6.052721658987641855e-03 8.198040672388903261e+01
3.357355609843478694e-01 1.650417118354336257e-02 -3.256216943138393050e-02 -4.608934896259871301e-03 8.397944721093328724e+01
2.722722722432172060e-01 1.364413917843274038e-02 -3.302306292100991997e-02 -3.144841743832318438e-03 8.597844074140276405e+01
2.076018199030385536e-01 1.072519308310953753e-02 -3.333754709539314687e-02 -1.666854080172054057e-03 8.797739536675558725e+01
1.420109987563209775e-01 7.759983533871988963e-03 -3.350423250341035691e-02 -1.814428897973504673e-04 8.997631982617843960e+01
7.579063244009565103e-02 4.761313406834895290e-03 -3.352237679239009061e-02 1.304886985829123739e-03 9.197522339195103314e+01
9.234298910091065168e-03 1.742095293287453930e-03 -3.339188809380717882e-02 2.785622246044009570e-03 9.397411570550073634e+01
-5.736295470025257193e-02 -1.284690198803531370e-03 -3.311332586920277821e-02 4.254266655912939017e-03 9.597300660701601771e+01
-1.237059028596737137e-01 -4.306035516004885245e-03 -3.268789920361148127e-02 5.704366745512134441e-03 9.797190596159437348e+01
-1.895004330847488427e-01 -7.308946985807690880e-03 -3.211746252906026722e-02 7.129537734362704354e-03 9.997082348495841586e+01
-2.544548330826494897e-01 -1.028048590106827621e-02 -3.140450875562400546e-02 8.523489696101303748e-03 1.019697685717799658e+02
-3.182810686210545414e-01 -1.320781037633642942e-02 -3.055215978601387092e-02 9.880053935134181647e-03 1.039687501296090772e+02
-3.806960471447158323e-01 -1.607821842280180574e-02 -2.956415439250045449e-02 1.119320951308804511e-02 1.059677764213117257e+02
-4.414228621397135455e-01 -1.887919259200364699e-02 -2.844483344119164842e-02 1.245710983819179815e-02 1.079668549187779121e+02
-5.001920132246985284e-01 -2.159844643890103041e-02 -2.719912245737246895e-02 1.366610920833278599e-02 1.099659921704742231e+02
-5.567425969290543675e-01 -2.422397295414846496e-02 -2.583251153653919052e-02 1.481478917342651976e-02 1.119651936851824274e+02
-6.108234631065065923e-01 -2.674409500466366080e-02 -2.435103261919653941e-02 1.589798455506962263e-02 1.139644638339922693e+02
-6.621943319346372814e-01 -2.914751769494422495e-02 -2.276123416368957750e-02 1.691080893537759075e-02 1.159638057723064719e+02
-7.106268664714781025e-01 -3.142338242732570230e-02 -2.107015327015181530e-02 1.784867940165028172e-02 1.179632213832728951e+02
-7.559056957858069081e-01 -3.356132229454473342e-02 -1.928528532998678713e-02 1.870734031632716524e-02 1.199627112436886875e+02
-7.978293837535030963e-01 -3.555151830147901260e-02 -1.741455129835407095e-02 1.948288586884850890e-02 1.219622746130297912e+02
-8.362113387240414086e-01 -3.738475578354175793e-02 -1.546626271146921833e-02 2.017178116146361999e-02 1.239619094458523136e+02
-8.708806594135309886e-01 -3.905248027878643197e-02 -1.344908459532285529e-02 2.077088158226482809e-02 1.259616124273979665e+02
-9.016829125776066878e-01 -4.054685201918317022e-02 -1.137199643709637178e-02 2.127745022824508586e-02 1.279613790318201438e+02
-9.284808382615094002e-01 -4.186079814114988112e-02 -9.244251414271863546e-03 2.168917315857223430e-02 1.299612036020390349e+02
-9.511549787172125514e-01 -4.298806168240112968e-02 -7.075334098414638381e-03 2.200417228112539272e-02 1.319610794498402981e+02
-9.696042274185767695e-01 -4.392324642740833701e-02 -4.874916870302099456e-03 2.222101570716771349e-02 1.339609989744604377e+02
-9.837462949935158463e-01 -4.466185669802635871e-02 -2.652815299585327673e-03 2.233872544490147008e-02 1.359609537975603075e+02
-9.935180893242684386e-01 -4.520033125371025057e-02 -4.189427550951807197e-04 2.235678234268381748e-02 1.379609349121836317e+02
-9.988760075386574622e-01 -4.553607056495644068e-02 1.816735479173200779e-03 2.227512823679614687e-02 1.399609328430355504e+02
-9.997961381208837484e-01 -4.566745685656965759e-02 4.044248302852815162e-03 2.209416530173591992e-02 1.419609378152036072e+02
-9.962743719033155809e-01 -4.559386647013932009e-02 6.253664833026408194e-03 2.181475264621324239e-02 1.439609399282846880e+02
-9.883264212528729553e-01 -4.531567427202824044e-02 8.435140097647732607e-03 2.143820023878720629e-02 1.459609293327783917e+02
-9.759877473287864591e-01 -4.483425001873047461e-02 1.057896012152645393e-02 2.096626028460411503e-02 1.479608964055646254e+02
-9.593133958538164752e-01 -4.415194677825515224e-02 1.267558614998686405e-02 2.040111620957954508e-02 1.499608319213007235e+02
-9.383777423994185130e-01 -4.327208169586199693e-02 1.471569777094481821e-02 1.974536943311969162e-02 1.519607272166495875e+02
-9.132741487285492843e-01 -4.219890956016236760e-02 1.669023471425678737e-02 1.900202413321747455e-02 1.539605743443859183e+02
-8.841145322592142142e-01 -4.093758978210276789e-02 1.859043712757853586e-02 1.817447022027117096e-02 1.559603662146181762e+02
-8.510288512005017569e-01 -3.949414752698858500e-02 2.040788414960565192e-02 1.726646474161315156e-02 1.579600967206042696e+02
-8.141645083643160863e-01 -3.787542983367909316e-02 2.213453062376696812e-02 1.628211194037906470e-02 1.599597608469275372e+02
-7.736856770650454296e-01 -3.608905762372317111e-02 2.376274181780487632e-02 1.522584218365510139e-02 1.619593547581251585e+02
-7.297725528826886077e-01 -3.414337453070058481e-02 2.528532603617038646e-02 1.410238996233133084e-02 1.639588758662221437e+02
-6.826205353800109954e-01 -3.204739347249248305e-02 2.669556503240351833e-02 1.291677114975568579e-02 1.659583228760089924e+02
-6.324393441303234331e-01 -2.981074185729267953e-02 2.798724214737908708e-02 1.167425968209117627e-02 1.679576958073049582e+02
-5.794520736306286723e-01 -2.744360624091899542e-02 2.915466811558820384e-02 1.038036380191246014e-02 1.699569959938623356e+02
-5.238941918466725189e-01 -2.495667716406335668e-02 3.019270449577944951e-02 9.040801980055209949e-03 1.719562260589841287e+02
-4.660124872656443706e-01 -2.236109478498608805e-02 3.109678469378496929e-02 7.661478604505074681e-03 1.739553898683384716e+02
-4.060639694230368524e-01 -1.966839579431147594e-02 3.186293255423548049e-02 6.248459500625158126e-03 1.759544924608519523e+02
-3.443147279275838302e-01 -1.689046196439713404e-02 3.248777850429799413e-02 4.807947322324744935e-03 1.779535399589451288e+02
-2.810387550381266974e-01 -1.403947054481279044e-02 3.296857323653046984e-02 3.346256833206741159e-03 1.799525394597284560e+02
-2.165167368544963777e-01 -1.112784657988335167e-02 3.330319891985113884e-02 1.869790078204111019e-03 1.819514989091012467e+02
-1.510348181772145360e-01 -8.168217094132059972e-03 3.349017792767154666e-02 3.850114324092181769e-04 1.839504269609870732e+02
-8.488334607367889473e-02 -5.173366974205874380e-03 3.352867907091246907e-02 -1.101577495690252801e-03 1.859493328241873087e+02
-1.835559716684593071e-02 -2.156196274510900103e-03 3.341852132134344455e-02 -2.583463134023052891e-03 1.879482260995431204e+02
4.825350635914612413e-02 8.703214085329214313e-04 3.316017500794113393e-02 -4.054145416926964625e-03 1.899471166102563018e+02
1.146486870597371865e-01 3.893179910347994988e-03 3.275476046624843651e-02 -5.507163476299331388e-03 1.919460142283334108e+02
1.805356038717305378e-01 6.899381273438359198e-03 3.220404411861850502e-02 -6.936121564569096287e-03 1.939449287001809523e+02
2.456221401339774568e-01 9.875976791486771808e-03 3.151043196216159886e-02 -8.334715204021266380e-03 1.959438694743941198e+02
3.096196830197280314e-01 1.281010877702072788e-02 3.067696044175946893e-02 -9.696757537588836587e-03 1.979428455347444640e+02
3.722443894007063658e-01 1.568905347215504217e-02 2.970728468800058752e-02 -1.101620583218736529e-02 1.999418652412855408e+02
4.332184331447830328e-01 1.850026546138423475e-02 2.860566410478185273e-02 -1.228718805957236190e-02 2.019409361823612983e+02
4.922712288284855076e-01 2.123142386419960351e-02 2.737694529882461411e-02 -1.350402945138049621e-02 2.039400650401191228e+02
5.491406268266459945e-01 2.387048048401579220e-02 2.602654235368656588e-02 -1.466127889637491334e-02 2.059392574719037441e+02
6.035740747290823105e-01 2.640570997308447007e-02 2.456041446404907264e-02 -1.575373501947173807e-02 2.079385180096396084e+02
6.553297400338782275e-01 2.882576194298002575e-02 2.298504096210189987e-02 -1.677647175600226540e-02 2.099378499790043691e+02
7.041775890843915420e-01 3.111971481292883507e-02 2.130739378650167368e-02 -1.772486321155885766e-02 2.119372554398573243e+02
7.499004172586071215e-01 3.327713104800864713e-02 1.953490746534578687e-02 -1.859460757915323836e-02 2.139367351490192561e+02
7.922948254907243859e-01 3.528811330192858919e-02 1.767544670743046581e-02 -1.938174987219432391e-02 2.159362885461119959e+02
8.311721383114020201e-01 3.714336084964163509e-02 1.573727172021103377e-02 -2.008270322557256099e-02 2.179359137627606628e+02
8.663592587396674594e-01 3.883422558123407475e-02 1.372900139765377732e-02 -2.069426851756269239e-02 2.199356076550473063e+02
8.976994555501248696e-01 4.035276673396088337e-02 1.165957454589750669e-02 -2.121365207354853483e-02 2.219353658586896358e+02
9.250530786765438496e-01 4.169180347031737482e-02 9.538209338542654597e-03 -2.163848122836337096e-02 2.239351828660079775e+02
9.482981987987949557e-01 4.284496437011627717e-02 7.374361215706316808e-03 -2.196681754761197966e-02 2.259350521233483846e+02
9.673311674945290761e-01 4.380673289923435465e-02 5.177679460945119015e-03 -2.219716753733640829e-02 2.279349661472535047e+02
9.820670947188195887e-01 4.457248794341614473e-02 2.957962707211477926e-03 -2.232849070812918668e-02 2.299349166573280172e+02
9.924402408012154009e-01 4.513853856088799466e-02 7.251136363985592791e-04 -2.236020489869292027e-02 2.319348947234345246e+02
9.984043206163464301e-01 4.550215220257557841e-02 -1.510906853470732900e-03 -2.229218880698102465e-02 2.339348909245880748e+02
9.999327180856771857e-01 4.566157577429059977e-02 -3.740125734168835495e-03 -2.212478172259371711e-02 2.359348955166977362e+02
9.970186096974867906e-01 4.561604907233769712e-02 -5.952603906428207553e-03 -2.185878049529590972e-02 2.379348986061371818e+02
9.896749962823634394e-01 4.536581028934965482e-02 -8.138481955957798525e-03 -2.149543382005109429e-02 2.399348903260153918e+02
9.779346428434626537e-01 4.491209347920296913e-02 -1.028802533796290865e-02 -2.103643395422278781e-02 2.419348610119677119e+02
9.618499268064698571e-01 4.425711805324676618e-02 -1.239166873338518743e-02 -2.048390601904006778e-02 2.439348013742963985e+02
9.414925956140137719e-01 4.340407057066635738e-02 -1.444005933528919386e-02 -1.984039506354424651e-02 2.459347026633583368e+02
9.169534351350654422e-01 4.235707925732628415e-02 -1.642409884164361747e-02 -1.910885109208303873e-02 2.479345568252252576e+02
8.883418508829822313e-01 4.112118184596749715e-02 -1.833498395085192065e-02 -1.829261226993869269e-02 2.499343566448242484e+02
8.557853645291407796e-01 3.970228746024610095e-02 -2.016424517784579096e-02 -1.739538652996101137e-02 2.519340958740019687e+02
8.194290286558880698e-01 3.810713336907226023e-02 -2.190378383084189140e-02 -1.642123180228155163e-02 2.539337693422357916e+02
7.794347631077880312e-01 3.634323750297548811e-02 -2.354590701107004552e-02 -1.537453508530845295e-02 2.559333730480383622e+02
7.359806166696698515e-01 3.441884766435866772e-02 -2.508336051960089255e-02 -1.425999056096201312e-02 2.579329042294572787e+02
6.892599581218790128e-01 3.234288835465065626e-02 -2.650935957569709386e-02 -1.308257694479071122e-02 2.599323614124535879e+02
6.394806009957209048e-01 3.012490611739024673e-02 -2.781761727017616204e-02 -1.184753423657121559e-02 2.619317444363458662e+02
5.868638665767939022e-01 2.777501422533464048e-02 -2.900237069383328203e-02 -1.056034001631322647e-02 2.639310544559172627e+02
5.316435898818265837e-01 2.530383745404882548e-02 -3.005840469546460642e-02 -9.226685404268875415e-03 2.659302939202025868e+02
4.740650734694538682e-01 2.272245757371648203e-02 -3.098107323589149517e-02 -7.852450777520950803e-03 2.679294665283807149e+02
4.143839940410919964e-01 2.004236006484249114e-02 -3.176631831364359199e-02 -6.443681310280250860e-03 2.699285771636030518e+02
3.528652668497587741e-01 1.727538242790490827e-02 -3.241068644467161308e-02 -5.006562381283636599e-03 2.719276318059694972e+02
2.897818729679724203e-01 1.443366431881227922e-02 -3.291134268279997943e-02 -3.547394869510423019e-03 2.739266374262228965e+02
2.254136544767675887e-01 1.152959960353007116e-02 -3.326608216975102117e-02 -2.072570341401883034e-03 2.759256018620633313e+02
1.600460826323168995e-01 8.575790295565896212e-03 -3.347333920389120726e-02 -5.885461176302900698e-04 2.779245336792766921e+02
9.396900405056278494e-02 5.585002219531827981e-03 -3.353219381565424040e-02 8.981798020890706521e-04 2.799234420201287321e+02
2.747536992891420893e-02 2.570122141391452571e-03 -3.344237583544532738e-02 2.381093983550651005e-03 2.819223364416887989e+02
-3.914004669773175210e-02 -4.558839803313336609e-04 -3.320426643709026293e-02 3.853692999106942286e-03 2.839212267469138737e+02
-1.055819406878872740e-01 -3.480012031247186471e-03 -3.281889713717957291e-02 5.309509087707821491e-03 2.859201228114458218e+02
-1.715557665448158020e-01 -6.489260516083086155e-03 -3.228794622840878981e-02 6.742136046017195398e-03 2.879190344091425686e+02
-2.367690272262648610e-01 -9.470671538551798593e-03 -3.161373262380707400e-02 8.145255347730473439e-03 2.899179710393878509e+02
-3.009325550465286048e-01 -1.241137244405073232e-02 -3.079920708903402873e-02 9.512662469160930445e-03 2.919169417591918432e+02
-3.637617796930153191e-01 -1.529861855131287376e-02 -2.984794084211793430e-02 1.083829337537636252e-02 2.939159550230177729e+02
-4.249779783619241358e-01 -1.811983734074769370e-02 -2.876411150458029961e-02 1.211625109608858476e-02 2.959150185331388911e+02
-4.843095029970679311e-01 -2.086267439082384670e-02 -2.755248639497144200e-02 1.334083229128471375e-02 2.979141391031569697e+02
-5.414929795964955606e-01 -2.351504125286286995e-02 -2.621840316584296907e-02 1.450655367885188632e-02 2.999133225370909486e+02
-5.962744745379118250e-01 -2.606516534076990313e-02 -2.476774779795778286e-02 1.560817816780706545e-02 3.019125735261825412e+02
-6.484106228715654785e-01 -2.850164178459377654e-02 -2.320692998117707476e-02 1.664074051348937711e-02 3.039118955652660929e+02
-6.976697135440782516e-01 -3.081348705831959273e-02 -2.154285592982813774e-02 1.759957228831009191e-02 3.059112908902136496e+02
-7.438327265545056077e-01 -3.299019405332173638e-02 -1.978289870099712855e-02 1.848032594206106688e-02 3.079107604376035283e+02
-7.866943171107909638e-01 -3.502178813090232185e-02 -1.793486610679102117e-02 1.927899771158280914e-02 3.099103038273763104e+02
-8.260637419561909223e-01 -3.689888355592071956e-02 -1.600696633563274129e-02 1.999194913258499004e-02 3.119099193688351761e+02
-8.617657231760851300e-01 -3.861273959754990548e-02 -1.400777142237424368e-02 2.061592690578326059e-02 3.139096040899382842e+02
-8.936412449799894242e-01 -4.015531548537374512e-02 -1.194617873179591727e-02 2.114808087694231703e-02 3.159093537894122505e+02
-9.215482791844996635e-01 -4.151932333693492821e-02 -9.831370644101685916e-03 2.158597990482153534e-02 3.179091631108065599e+02
-9.453624354021137322e-01 -4.269827812822160618e-02 -7.672772653619531341e-03 2.192762541358424938e-02 3.199090256372082877e+02
-9.649775322687196288e-01 -4.368654376752699464e-02 -5.480010112261106230e-03 2.217146245534536153e-02 3.219089340049603152e+02
-9.803060864179454770e-01 -4.447937435690772767e-02 -3.262863866726570250e-03 2.231638814307092267e-02 3.239088800343742491e+02
-9.912797163310000936e-01 -4.507294978372521771e-02 -1.031225052419477593e-03 2.236175735297711575e-02 3.259088548751145140e+02
-9.978494586520828546e-01 -4.546440487414037807e-02 1.204950682878234199e-03 2.230738563996555526e-02 3.279088491636548497e+02
-9.999859950563968480e-01 -4.565185146784443010e-02 3.435689246874789726e-03 2.215354935162299962e-02 3.299088531899840859e+02
-9.976797882840642284e-01 -4.563439291916390750e-02 5.651044182037090295e-03 2.190098297141749098e-02 3.319088570705617371e+02
-9.909411265009312464e-01 -4.541213069914503547e-02 7.841142479178839567e-03 2.155087376533444329e-02 3.339088509244061811e+02
-9.798000757081722911e-01 -4.498616296195818987e-02 9.996229855712284590e-03 2.110485384205585888e-02 3.359088250491396366e+02
-9.643063404883701617e-01 -4.435857512013792470e-02 1.210671523991787082e-02 2.056498977540759804e-02 3.379087700938140415e+02
-9.445290339367591326e-01 -4.353242266833046853e-02 1.416321421745863132e-02 1.993376996308877241e-02 3.399086772254022435e+02
-9.205563581746427637e-01 -4.251170666588346969e-02 1.615659121376750856e-02 1.921408992052205805e-02 3.419085382859599918e+02
-8.924951973686122697e-01 -4.130134245122766418e-02 1.807800020581971576e-02 1.840923572293597793e-02 3.439083459376370229e+02
-8.604706256769970585e-01 -3.990712229471103656e-02 1.991892377811331494e-02 1.752286581764263620e-02 3.459080937929469997e+02
-8.246253330070992815e-01 -3.833567280354870793e-02 2.167121035987757544e-02 1.655899142928352399e-02 3.479077765279771484e+02
-7.851189718879507673e-01 -3.659440796412070929e-02 2.332710950280592749e-02 1.552195577689651981e-02 3.499073899765389228e+02
-7.421274291393122891e-01 -3.469147874920946312e-02 2.487930508049557982e-02 1.441641230875715003e-02 3.519069312036105543e+02
-6.958420263460938227e-01 -3.263572021813148510e-02 2.632094631137129812e-02 1.324730214660137240e-02 3.539063985568012072e+02
-6.464686534268004880e-01 -3.043659701195220932e-02 2.764567652603143466e-02 1.201983090924347089e-02 3.559057916949681157e+02
-5.942268398156969056e-01 -2.810414808411240695e-02 2.884765961695577932e-02 1.073944506336437475e-02 3.579051115935274083e+02
-5.393487679625881270e-01 -2.564893142243492366e-02 2.992160412329221766e-02 9.411807923419585054e-03 3.599043605264172356e+02
-4.820782339946244055e-01 -2.308196940979504591e-02 3.086278491563417686e-02 8.042775397009210500e-03 3.619035420250850734e+02
-4.226695604853017985e-01 -2.041469534733735686e-02 3.166706245533509184e-02 6.638371546147826298e-03 3.639026608152736344e+02
-3.613864663418747680e-01 -1.765890152873500485e-02 3.233089960994987855e-02 5.204764011364364923e-03 3.659017227327664727e+02
-2.985008988591937307e-01 -1.482668911761988485e-02 3.285137601108631400e-02 3.748239321929453579e-03 3.679007346196171397e+02
-2.342918330016587891e-01 -1.193041993846816196e-02 3.322619994327925819e-02 2.275178098429540222e-03 3.698997042027195903e+02
-1.690440429712495030e-01 -8.982670163001874042e-03 3.345371775312221130e-02 7.920301371967166520e-04 3.718986399568760817e+02
-1.030468511046762070e-01 -5.996185750886749710e-03 3.353292076684188938e-02 -6.947106440369693386e-04 3.738975509547820479e+02
-3.659285912176774708e-02 -2.983839397615973416e-03 3.346344970243818329e-02 -2.178531425736558464e-03 3.758964467065640065e+02
3.002333327480471992e-02 4.141134464279219707e-05 3.324559655986453199e-02 -3.652925899253864957e-03 3.778953369916831093e+02
9.650641746747311289e-02 3.066565175288814542e-03 3.288030396993914944e-02 -5.111419895913665162e-03 3.798942316861413246e+02
1.625616676916763759e-01 6.078617828720378480e-03 3.236916198034778258e-02 -6.547597246245165370e-03 3.818931405880065881e+02
2.278962305415663525e-01 9.064602998626207497e-03 3.171440225572326466e-02 -7.955125868859793531e-03 3.838920732442992403e+02
2.922204072484853588e-01 1.201163386366205579e-02 3.091888966883728565e-02 -9.327784070018557347e-03 3.858910387822616599e+02
3.552489237563943858e-01 1.490694564691436019e-02 2.998611126183542766e-02 -1.065948701132674037e-02 3.878900457479574584e+02
4.167021836015242231e-01 1.773793958566109372e-02 2.892016256070275085e-02 -1.194431327852644303e-02 3.898891019550273427e+02
4.763074985831309838e-01 2.049222861455121669e-02 2.772573123285010724e-02 -1.317653145554456388e-02 3.918882143462577687e+02
5.338002921924253075e-01 2.315768496786118485e-02 2.640807808729564790e-02 -1.435062657965492650e-02 3.938873888704044930e+02
5.889252707520122865e-01 2.572248979370166805e-02 2.497301542933015595e-02 -1.546132632506007701e-02 3.958866303764568784e+02
6.414375572139680015e-01 2.817518474612319690e-02 2.342688279682414790e-02 -1.650362673559300705e-02 3.978859425272315775e+02
6.911037825767216702e-01 3.050472538701171424e-02 2.177652012326485031e-02 -1.747281730181456452e-02 3.998853277338560019e+02
7.377031299153425925e-01 3.270053608556677815e-02 2.002923839308339352e-02 -1.836450516014511217e-02 4.018847871123406890e+02
7.810283260822460383e-01 3.475256596970071471e-02 1.819278787706888473e-02 -1.917463817441043133e-02 4.038843204630572359e+02
8.208865762318385828e-01 3.665134534690788620e-02 1.627532405962784159e-02 -1.989952665392109507e-02 4.058839262735367583e+02
8.571004364576990664e-01 3.838804189694945690e-02 1.428537139423573070e-02 -2.053586345921419587e-02 4.078836017445916582e+02
8.895086200092103823e-01 3.995451583522802858e-02 1.223178504831431111e-02 -2.108074225425244502e-02 4.098833428393477902e+02
9.179667327788907372e-01 4.134337317273197032e-02 1.012371082288906522e-02 -2.153167367584350733e-02 4.118831443543614910e+02
9.423479340243082758e-01 4.254801614629462325e-02 7.970543455304715877e-03 -2.188659921442263900e-02 4.138830000115954704e+02
9.625435186095744333e-01 4.356268988146568683e-02 5.781883533862451456e-03 -2.214390262643921650e-02 4.158829025696467738e+02
9.784634174205373291e-01 4.438252436520535860e-02 3.567493271218529546e-03 -2.230241873403891045e-02 4.178828439522631015e+02
9.900366130221913696e-01 4.500357086104080778e-02 1.337251397814638023e-03 -2.236143950583273018e-02 4.198828153918662451e+02
9.972114680829539113e-01 4.542283198527560795e-02 -8.988925527686351035e-04 -2.232071735563667322e-02 4.218828075855182078e+02
9.999559645829482202e-01 4.563828478378052778e-02 -3.130964288332302881e-03 -2.218046563901373419e-02 4.238828108605343914e+02
9.982578523460947650e-01 4.564889629243019248e-02 -5.349010852233676387e-03 -2.194135637288446850e-02 4.258828153467657103e+02
9.921247059809830127e-01 4.545463123432488123e-02 -7.543146489522123063e-03 -2.160451524495135209e-02 4.278828111524445603e+02
9.815838898752692332e-01 4.505645168652615273e-02 -9.703598014017258619e-03 -2.117151402054284412e-02 4.298827885404244284e+02
9.666824314537575402e-01 4.445630874022769852e-02 -1.182074941607154372e-02 -2.064436048884538827e-02 4.318827381016322420e+02
9.474868034727120802e-01 4.365712636526329626e-02 -1.388518546495608359e-02 -2.002548612011646398e-02 4.338826509226072972e+02
9.240826166734004143e-01 4.266277786670818334e-02 -1.588773407696772791e-02 -1.931773163022881476e-02 4.358825187441112803e+02
8.965742246479136979e-01 4.147805548744738779e-02 -1.781950723999061251e-02 -1.852433066310452472e-02 4.378823341079622082e+02
8.650842432725589504e-01 4.010863384487138583e-02 -1.967194030630106324e-02 -1.764889181278854469e-02 4.398820904894656678e+02
8.297529875313990333e-01 3.856102800264877423e-02 -2.143682948757991841e-02 -1.669537920863808922e-02 4.418817824130861140e+02
7.907378289795689019e-01 3.684254705703258331e-02 -2.310636740844372594e-02 -1.566809188210523812e-02 4.438814055493125466e+02
7.482124774784596477e-01 3.496124415847046835e-02 -2.467317659665425184e-02 -1.457164212462102107e-02 4.458809567910196279e+02
7.023661911697821614e-01 3.292586390098270477e-02 -2.613034080911635568e-02 -1.341093302949819890e-02 4.478804343080019521e+02
6.534029189417853711e-01 3.074578798597540907e-02 -2.747143411206617522e-02 -1.219113539113877293e-02 4.498798375787549730e+02
6.015403798785030620e-01 2.843098001045864937e-02 -2.869054765118005113e-02 -1.091766411289019599e-02 4.518791673989889546e+02
5.470090843733459440e-01 2.599193014957773898e-02 -2.978231406246907229e-02 -9.596154248646812310e-03 4.538784258667756148e+02
4.900513017346824207e-01 2.343960039597352274e-02 -3.074192948733375091e-02 -8.232436778277237022e-03 4.558776163446444230e+02
4.309199792169462473e-01 2.078537089741447005e-02 -3.156517316516147670e-02 -6.832514191082455016e-03 4.578767433993475606e+02
3.698776174812797302e-01 1.804098780147711523e-02 -3.224842458426972064e-02 -5.402535926401154549e-03 4.598758127204042694e+02
3.071951075302496448e-01 1.521851287562764332e-02 -3.278867817690983566e-02 -3.948773699072705146e-03 4.618748310188994424e+02
2.431505341775334894e-01 1.233027503495889680e-02 -3.318355554681710895e-02 -2.477596716870932719e-03 4.638738059083504481e+02
1.780279511119089719e-01 9.388823774722115587e-03 -3.343131521850419702e-02 -9.954467820981690879e-04 4.658727457697598879e+02
1.121161326010710335e-01 6.406884382963553941e-03 -3.353085989671401868e-02 4.911867421066483863e-04 4.678716596032406869e+02
4.570730686041318824e-02 3.397314700400870784e-03 -3.348174122250335144e-02 1.975792127197455346e-03 4.698705568688212111e+02
-2.090412391017669805e-02 3.730631030160273245e-04 -3.328416200978360356e-02 3.451860663927056733e-03 4.718694473192231840e+02
-8.742287183820746099e-02 -2.652872686152547670e-03 -3.293897594339089546e-02 4.912912260710637288e-03 4.738683408275337001e+02
-1.535540550700530693e-01 -5.667486397593835684e-03 -3.244768471731983295e-02 6.352521270972184657e-03 4.758672472127807964e+02
-2.190044878795770478e-01 -8.657804092605327767e-03 -3.181243259022261544e-02 7.764342551325093683e-03 4.778661760664544431e+02
-2.834839642297597995e-01 -1.161092558036037024e-02 -3.103599833509010364e-02 9.142137734185597567e-03 4.798651365829992983e+02
-3.467065298134127671e-01 -1.451406681208891776e-02 -3.012178456167154128e-02 1.047980167578170009e-02 4.818641373972404836e+02
-4.083917375828374774e-01 -1.735460363765089359e-02 -2.907380439409337422e-02 1.177138901635184018e-02 4.838631864315875077e+02
-4.682658817581477062e-01 -2.012011724034411947e-02 -2.789666549245818986e-02 1.301114075974693814e-02 4.858622907556991208e+02
-5.260632052839024908e-01 -2.279844146727505461e-02 -2.659555141648349899e-02 1.419351075372566988e-02 4.878614564610833781e+02
-5.815270756878245795e-01 -2.537771216795842513e-02 -2.517620034111093044e-02 1.531319192045899925e-02 4.898606885528549242e+02
-6.344111242895603686e-01 -2.784641852228037298e-02 -2.364488114906503069e-02 1.636514206248473879e-02 4.918599908605828546e+02
-6.844803437167750193e-01 -3.019345620942211206e-02 -2.200836694281655542e-02 1.734460904261519651e-02 4.938593659698348119e+02
-7.315121387169226663e-01 -3.240818212627499112e-02 -2.027390603855503542e-02 1.824715511685609179e-02 4.958588151756679849e+02
-7.752973253113309982e-01 -3.448047022585556953e-02 -1.844919052686942729e-02 1.906868018359654526e-02 4.978583384589376806e+02
-8.156410734296637433e-01 -3.640076791308358845e-02 -1.654232250850977415e-02 1.980544370286215633e-02 4.998579344858931677e+02
-8.523637882924551823e-01 -3.816015231339203728e-02 -1.456177813822355852e-02 2.045408503762000466e-02 5.018576006311214428e+02
-8.853019259814929320e-01 -3.975038562801469499e-02 -1.251636963446155909e-02 2.101164197331415948e-02 5.038573330234824539e+02
-9.143087388558345241e-01 -4.116396870791998869e-02 -1.041520543713014314e-02 2.147556718533021741e-02 5.058571266142658942e+02
-9.392549467370837624e-01 -4.239419192691696453e-02 -8.267648718597120014e-03 2.184374244453157754e-02 5.078569752663982513e+02
-9.600293301021142200e-01 -4.343518241597425777e-02 -6.083274474143963301e-03 2.211449037678460058e-02 5.098568718631429419e+02
-9.765392418840909139e-01 -4.428194673068788084e-02 -3.871825436465502375e-03 2.228658362752669250e-02 5.118568084343780242e+02
-9.887110348909888824e-01 -4.493040807564148420e-02 -1.643167073712832778e-03 2.235925131955664863e-02 5.138567762982106615e+02
-9.964904023015304091e-01 -4.537743729054254799e-02 5.927580582428323020e-04 2.233218273487034070e-02 5.158567662153998299e+02
-9.998426291863276028e-01 -4.562087691942629669e-02 2.825976331729866675e-03 2.220552819435851408e-02 5.178567685538217802e+02
-9.987527535209620444e-01 -4.565955782485116993e-02 5.046529151165718083e-03 2.197989715436430083e-02 5.198567734600194399e+02
-9.932256357002983149e-01 -4.549330797503247509e-02 7.244518866602147819e-03 2.165635358204249378e-02 5.218567710347482489e+02
-9.832859361215581240e-01 -4.512295321372900014e-02 9.410154224806397891e-03 2.123640871048406570e-02 5.238567515093486691e+02
-9.689780009689555884e-01 -4.455031000759232529e-02 1.153379509585480446e-02 2.072201131257376053e-02 5.258567054197678772e+02
-9.503656568958819273e-01 -4.377817035929880418e-02 1.360599622711218017e-02 2.011553566035117688e-02 5.278566237750887922e+02
-9.275319158533483765e-01 -4.281027924911771920e-02 1.561754979314729924e-02 1.941976736380462282e-02 5.298564982175355453e+02
-9.005785918466332474e-01 -4.165130513764350728e-02 1.755952652952776083e-02 1.863788729823591048e-02 5.318563211710805945e+02
-8.696258319085656829e-01 -4.030680420188736957e-02 1.942331525935135292e-02 1.777345384029776348e-02 5.338560859759924142e+02
-8.348115640503496193e-01 -3.878317909096905269e-02 2.120066064338112927e-02 1.683038363674766585e-02 5.358557870069313367e+02
-7.962908653836231476e-01 -3.708763307230628775e-02 2.288369900705589446e-02 1.581293112564946188e-02 5.378554197724971573e+02
-7.542352539962232649e-01 -3.522812048659058892e-02 2.446499211962083892e-02 1.472566702037551162e-02 5.398549809944845492e+02
-7.088319085057166458e-01 -3.321329444294247868e-02 2.593755882165838661e-02 1.357345595243783162e-02 5.418544686654701081e+02
-6.602828195076486661e-01 -3.105245266670904683e-02 2.729490441690217081e-02 1.236143344953942111e-02 5.438538820837472940e+02
-6.088038773796629055e-01 -2.875548236074833633e-02 2.853104776185611327e-02 1.109498240238857188e-02 5.458532218650415189e+02
-5.546239010994832297e-01 -2.633280486020490863e-02 2.964054600209497028e-02 9.779709150104542656e-03 5.478524899308466729e+02
-4.979836128867912715e-01 -2.379532076083137188e-02 3.061851691710542125e-02 8.421419287178487020e-03 5.498516894736429776e+02
-4.391345635902778599e-01 -2.115435607925804026e-02 3.146065884582326805e-02 7.026093269663238536e-03 5.518508248996633938e+02
-3.783380138161323014e-01 -1.842160987216072410e-02 3.216326817278959693e-02 5.599861873281020662e-03 5.538499017502631432e+02
-3.158637758385031691e-01 -1.560910360236312903e-02 3.272325436011769978e-02 4.148981533899310549e-03 5.558489266033218428e+02
-2.519890213517874122e-01 -1.272913240292982383e-02 3.313815251350762936e-02 2.679809579761655795e-03 5.578479069564469910e+02
-1.869970601251623454e-01 -9.794218253356971188e-03 3.340613347148379403e-02 1.198779350011025882e-03 5.598468510940566603e+02
-1.211760946072556328e-01 -6.817064960228387538e-03 3.352601140648489575e-02 -2.876248191226494794e-04 5.618457679406926673e+02
-5.481795550911115755e-02 -3.810514722330924330e-03 3.349724892457263403e-02 -1.772892765791251679e-03 5.638446669031465035e+02
1.178317662855955100e-02 -7.875059682593111383e-04 3.331995964799350229e-02 -3.250513860046232596e-03 5.658435577041655051e+02
7.833205889806389710e-02 2.238967920792319689e-03 3.299490826198887838e-02 -4.714002571407712935e-03 5.678424502106475984e+02
1.445336775467755408e-01 5.255899436723361108e-03 3.252350800484810761e-02 -6.156924264742801717e-03 5.698413542593247030e+02
2.100945385956196898e-01 8.250307784233705879e-03 3.190781557837382709e-02 -7.572921227138012211e-03 5.718402794829745517e+02
2.747239525906429725e-01 1.120928019701985037e-02 3.115052345566002648e-02 -8.955738913011769900e-03 5.738392351401922724e+02
3.381353085154749083e-01 1.412001417399819450e-02 3.025494956435885105e-02 -1.029925237136426232e-02 5.758382299516961211e+02
4.000473318770696451e-01 1.696986102940872473e-02 2.922502432722242499e-02 -1.159749279505813482e-02 5.778372719460301141e+02
4.601853219573316389e-01 1.974637108157703547e-02 2.806527504771661255e-02 -1.284467410475911842e-02 5.798363683173716936e+02
5.182823632027925287e-01 2.243734071585590933e-02 2.678080763724069793e-02 -1.403521945042118281e-02 5.818355252979489478e+02
5.740805057079454432e-01 2.503086144518302039e-02 2.537728569219858260e-02 -1.516378748629694344e-02 5.838347480473281621e+02
6.273319097400913424e-01 2.751537097234950033e-02 2.386090694356888739e-02 -1.622529824599859213e-02 5.858340405605459864e+02
6.777999492606783249e-01 2.987970612028001058e-02 2.223837711896902575e-02 -1.721495842103129212e-02 5.878334055967369522e+02
7.252602694256610194e-01 3.211315736106146873e-02 2.051688127686589896e-02 -1.812828582317080675e-02 5.898328446295604408e+02
7.695017931017599233e-01 3.420552453107160440e-02 1.870405269454882002e-02 -1.896113279652567388e-02 5.918323578203475108e+02
8.103276715219834836e-01 3.614717318827544851e-02 1.680793941489625021e-02 -1.970970833369094580e-02 5.938319440144963437e+02
8.475561743279406146e-01 3.792909094317537672e-02 1.483696858152715702e-02 -2.037059864733926223e-02 5.958316007612306748e+02
8.810215144125499442e-01 3.954294298814593073e-02 1.279990871679323114e-02 -2.094078595346494237e-02 5.978313243564239201e+02
9.105746031882203662e-01 4.098112596903082799e-02 1.070583012144673760e-02 -2.141766523276421655e-02 5.998311099077736799e+02
9.360837321649080334e-01 4.223681928391661428e-02 8.564063598170315594e-03 -2.179905875696900100e-02 6.018309514212105569e+02
9.574351770303104470e-01 4.330403287003285751e-02 6.384157722473414974e-03 -2.208322819337609627e-02 6.038308419070350510e+02
9.745337207805577773e-01 4.417765055058827522e-02 4.175834903135804653e-03 -2.226888413186335625e-02 6.058307735039138606e+02
9.873030928521860927e-01 4.485346805302029699e-02 1.948946489949469245e-03 -2.235519291853587873e-02 6.078307376185381372e+02
9.956863216512154002e-01 4.532822489254475368e-02 -2.865728019041185407e-04 -2.234178072002244650e-02 6.098307250784515645e+02
9.996459983583798614e-01 4.559962942349413823e-02 -2.520750873906363494e-03 -2.222873478664982166e-02 6.118307262953112513e+02
9.991644504046042208e-01 4.566637649980079955e-02 -4.743624352571345487e-03 -2.201660192748743777e-02 6.138307314356479765e+02
9.942438235506224631e-01 4.552815734950229482e-02 -6.945284545320088918e-03 -2.170638425301458369e-02 6.158307305960505573e+02
9.849060720612475839e-01 4.518566144660866174e-02 -9.115922970621548674e-03 -2.129953228161809639e-02 6.178307139796136198e+02
9.711928570295994545e-01 4.464057035006604307e-02 -1.124587619878335797e-02 -2.079793554380834214e-02 6.198306720704679265e+02
9.531653534706169273e-01 4.389554367163674142e-02 -1.332566975316419253e-02 -2.020391084764925488e-02 6.218305958032439094e+02
9.309039673578317631e-01 4.295419751278785336e-02 -1.534606083792912010e-02 -1.952018839566618813e-02 6.238304767244179629e+02
9.045079643137919900e-01 4.182107588030402334e-02 -1.729807967749573752e-02 -1.874989596119687463e-02 6.258303071426419137e+02
8.740950121750553636e-01 4.050161573636169854e-02 -1.917306927361542637e-02 -1.789654134267492161e-02 6.278300802653651544e+02
8.398006401302257062e-01 3.900210645456614333e-02 -2.096272340788291749e-02 -1.696399332009477720e-02 6.298297903193117691e+02
8.017776175679781625e-01 3.732964454338005833e-02 -2.265912273989239417e-02 -1.595646133454862656e-02 6.318294326526799978e+02
7.601952561670343167e-01 3.549208455206999402e-02 -2.425476887334725856e-02 -1.487847410188119536e-02 6.338290038172660843e+02
7.152386391082909967e-01 3.349798708814061277e-02 -2.574261628353537862e-02 -1.373485736020162162e-02 6.358285016290835756e+02
6.671077815887680451e-01 3.135656486644140817e-02 -2.711610201955554078e-02 -1.253071092908068090e-02 6.378279252064442062e+02
6.160167270680138030e-01 2.907762765708042998e-02 -2.836917311246360887e-02 -1.127138523818906751e-02 6.398272749848695184e+02
5.621925838806794973e-01 2.667152692578064060e-02 -2.949631163628251354e-02 -9.962457458287419382e-03 6.418265527086224438e+02
5.058745070070025385e-01 2.414910086160492256e-02 -3.049255738211125583e-02 -8.609707341140280384e-03 6.438257613990598429e+02
4.473126299095034342e-01 2.152162036774374690e-02 -3.135352811622527797e-02 -7.219092849469923960e-03 6.458249053004190046e+02
3.867669514238408213e-01 1.880073646058917983e-02 -3.207543740117227427e-02 -5.796725633160697451e-03 6.478239898040402522e+02
3.245061827398876830e-01 1.599842938479442700e-02 -3.265510996448834496e-02 -4.348846384864750274e-03 6.498230213524054761e+02
2.608065595315008367e-01 1.312695961392702088e-02 -3.308999460297482043e-02 -2.881800086900799390e-03 6.518220073247176742e+02
1.959506242962284484e-01 1.019882076813423931e-02 -3.337817461166490279e-02 -1.402011146446921095e-03 6.538209559060561560e+02
1.302259839550808929e-01 7.226694358862984988e-03 -3.351837572630959189e-02 8.404159893938034133e-05 6.558198759424286663e+02
6.392404774351570507e-02 4.223406153391505088e-03 -3.350997156641565694e-02 1.569850029492472288e-03 6.578187767842679250e+02
-2.661249597398507045e-03 1.201883859564868229e-03 -3.335298656346640661e-02 3.048902073619257427e-03 6.598176681211217556e+02
-6.923473434132797200e-02 -1.824884247488647773e-03 -3.304809635610447827e-02 4.514707245591241536e-03 6.618165598104271794e+02
-1.355012850362553589e-01 -4.843890186022049328e-03 -3.259662563154535481e-02 5.960822409574212388e-03 6.638154617033576415e+02
-2.011671235398247437e-01 -7.842147077940970351e-03 -3.200054339058793634e-02 7.380877775101342582e-03 6.658143834707829001e+02
-2.659411008676582089e-01 -1.080673037243680586e-02 -3.126245561307779836e-02 8.768603114124315714e-03 6.678133344323759957e+02
-3.295359728840717706e-01 -1.372481993218470711e-02 -3.038559530166537112e-02 1.011785416603565649e-02 6.698123233918521464e+02
-3.916696608500622734e-01 -1.658374338204470291e-02 -2.937380988506180235e-02 1.142263917502893238e-02 6.718113584812206227e+02
-4.520664918239509777e-01 -1.937102105781906419e-02 -2.823154596755890824e-02 1.267714547534724151e-02 6.738104470167821773e+02
-5.104584138895821299e-01 -2.207441280224725286e-02 -2.696383142002418271e-02 1.387576601216756848e-02 6.758095953694069067e+02
-5.665861811694997696e-01 -2.468196674956225564e-02 -2.557625481880742777e-02 1.501312565689880488e-02 6.778088088513885623e+02
-6.202005035713329395e-01 -2.718207011761318223e-02 -2.407494225311754624e-02 1.608410714855090795e-02 6.798080916218910943e+02
-6.710631562202418188e-01 -2.956350189605497919e-02 -2.246653153826245683e-02 1.708387646611226468e-02 6.818074466126855668e+02
-7.189480435548206705e-01 -3.181548717720048686e-02 -2.075814389165122828e-02 1.800790741639909584e-02 6.838068754755290684e+02
-7.636422131140447878e-01 -3.392775273814794407e-02 -1.895735315001131904e-02 1.885200520427534124e-02 6.858063785521608224e+02
-8.049468141247061448e-01 -3.589058334736171946e-02 -1.707215262958378457e-02 1.961232874066890994e-02 6.878059548674984853e+02
-8.426779961174883926e-01 -3.769487814212988536e-02 -1.511091975551689427e-02 2.028541144060355683e-02 6.898056021462066383e+02
-8.766677429598799254e-01 -3.933220631740366735e-02 -1.308237861145653859e-02 2.086818026512650762e-02 6.918053168523955492e+02
-9.067646378993329259e-01 -4.079486127720452493e-02 -1.099556058494388817e-02 2.135797277258334737e-02 6.938050942517926387e+02
-9.328345554626552572e-01 -4.207591234040725103e-02 -8.859763307685553785e-03 2.175255196303845992e-02 6.958049284953251572e+02
-9.547612763588607665e-01 -4.316925306503006932e-02 -6.684508111381707272e-03 2.205011872370494022e-02 6.978048127226580846e+02
-9.724470218823711987e-01 -4.406964525532407195e-02 -4.479496239011213944e-03 2.224932171728834229e-02 6.998047391838683779e+02
-9.858129047095171016e-01 -4.477275776053936396e-02 -2.254564067282379455e-03 2.234926458935876381e-02 7.018046993771004054e+02
-9.947992934209852756e-01 -4.527519924179897876e-02 -1.963760834650263382e-05 2.234951041482129488e-02 7.038046841997468164e+02
-9.993660885609827460e-01 -4.557454419531126177e-02 2.215313433135626762e-03 2.225008334479414845e-02 7.058046841104516034e+02
-9.994929085551009784e-01 -4.566935165181418288e-02 4.440321767615041521e-03 2.205146746114618542e-02 7.078046892990216747e+02
-9.951791843456778697e-01 -4.555917613440938624e-02 6.645468513729659368e-03 2.175460288819319396e-02 7.098046898611916049e+02
-9.864441621583078801e-01 -4.524457063148495939e-02 8.820928802548979111e-03 2.136087925329949178e-02 7.118046759750865249e+02
-9.733268143772737524e-01 -4.472708153078754079e-02 1.095701672787892898e-02 2.087212662434437954e-02 7.138046380762021954e+02
-9.558856590724289504e-01 -4.400923564821360157e-02 1.304422939031336763e-02 2.029060408485194866e-02 7.158045670277451791e+02
-9.341984892764004789e-01 -4.309451966959038788e-02 1.507328979879856215e-02 1.961898613295486385e-02 7.178044542832659545e+02
-9.083620136504667597e-01 -4.198735249160020361e-02 1.703518841209404958e-02 1.886034711079612181e-02 7.198042920386610604e+02
-8.784914106919047283e-01 -4.069305110035699447e-02 1.892122312317366314e-02 1.801814388120988666e-02 7.218040733708212429e+02
-8.447197991181104593e-01 -3.921779074354473510e-02 2.072303751129464869e-02 1.709619697641028696e-02 7.238037923604534853e+02
-8.071976275068458717e-01 -3.756856024956566759e-02 2.243265720893567600e-02 1.609867043901796330e-02 7.258034441968961801e+02
-7.660919866732782690e-01 -3.575311339976682684e-02 2.404252425283747580e-02 1.503005057027928873e-02 7.278030252630844643e+02
-7.215858486190644960e-01 -3.377991728790742665e-02 2.554552930986540502e-02 1.389512378449771213e-02 7.298025331991843814e+02
-6.738772361951769208e-01 -3.165809858512529107e-02 2.693504168831517553e-02 1.269895375291565758e-02 7.318019669438053825e+02
-6.231783278774940538e-01 -2.939738858987863204e-02 2.820493706360674077e-02 1.144685799664083015e-02 7.338013267521058651e+02
-5.697145022638490097e-01 -2.700806786717817667e-02 2.934962286327082517e-02 1.014438406510843015e-02 7.358006141905236746e+02
-5.137233270651854200e-01 -2.450091118646789343e-02 3.036406126978166350e-02 8.797285410389555846e-03 7.377998321082748134e+02
-4.554534974854511087e-01 -2.188713335085566355e-02 3.124378981082061996e-02 7.411497042240886533e-03 7.397989845861782214e+02
-3.951637289692383481e-01 -1.917833638254270306e-02 3.198493951504470523e-02 5.993111022703383195e-03 7.417980768637579558e+02
-3.331216093483409524e-01 -1.638645838956545586e-02 3.258425061731504147e-02 4.548351837138818292e-03 7.437971152459504083e+02
-2.696024154438937392e-01 -1.352372430331299537e-02 3.303908580102892650e-02 3.083551656025421400e-03 7.457961069910974174e+02
-2.048878991859133247e-01 -1.060259853687071929e-02 3.334744096663146834e-02 1.605125485995003353e-03 7.477950601822194585e+02
-1.392650483025085484e-01 -7.635739488886570010e-03 3.350795351523096904e-02 1.195461946776650580e-04 7.497939835838516274e+02
-7.302482661274878328e-02 -4.635955702645709609e-03 3.351990813469873931e-02 -1.366680615017751895e-03 7.517928864869651306e+02
-6.460898935249766162e-03 -1.616163390438296816e-03 3.338324007319696390e-02 -2.847041908543155014e-03 7.537917785446944663e+02
6.013165439664443918e-02 1.410655043868749804e-03 3.309853588234264871e-02 -4.315042727892217690e-03 7.557906696017460035e+02
1.264576284389513361e-01 4.431491909328930806e-03 3.266703160955342772e-02 -5.764231923699560285e-03 7.577895695204679214e+02
1.922229849962536208e-01 7.433355016797304864e-03 3.209060841718347490e-02 -7.188228119558977801e-03 7.597884880066143296e+02
2.571361394735776074e-01 1.040330881948944332e-02 3.137178560522757564e-02 -8.580745899880615202e-03 7.617874344378434444e+02
3.209092382519551090e-01 1.332851635571845328e-02 3.051371101523951343e-02 -9.935622192047516635e-03 7.637864176979436479e+02
3.832594216048278435e-01 1.619628240309684691e-02 2.952014879603476194e-02 -1.124684279013587682e-02 7.657854460196863329e+02
4.439100671535168852e-01 1.899409819201554328e-02 2.839546451702117461e-02 -1.250856893922701850e-02 7.677845268390606179e+02
5.025920088394172369e-01 2.170968793694730628e-02 2.714460762309847328e-02 -1.371516387321798647e-02 7.697836666634544827e+02
5.590447263722961857e-01 2.433105734549757468e-02 2.577309123577667394e-02 -1.486121916732244946e-02 7.717828709561141522e+02
6.130175001035762516e-01 2.684654413869365722e-02 2.428696931904442829e-02 -1.594158074187169635e-02 7.737821440389367353e+02
6.642705262757129248e-01 2.924487049206645969e-02 2.269281124485725970e-02 -1.695137432447879622e-02 7.757814890153422311e+02
7.125759876203882071e-01 3.151519716053189507e-02 2.099767381240938077e-02 -1.788603015934349741e-02 7.777809077146217760e+02
7.577190743243971127e-01 3.364717891871234212e-02 1.920907079647502999e-02 -1.874130673043375439e-02 7.797804006587950880e+02
7.994989504595196861e-01 3.563102080312004899e-02 1.733494012343165386e-02 -1.951331325741548217e-02 7.817799670526106866e+02
8.377296610858064874e-01 3.745753452326383570e-02 1.538360879769010495e-02 -2.019853071488207988e-02 7.837796047969187612e+02
8.722409753920541409e-01 3.911819429314410818e-02 1.336375572620189696e-02 -2.079383112880119414e-02 7.857793105252333135e+02
9.028791614359911177e-01 4.060519124527431356e-02 1.128437261332177789e-02 -2.129649491390725805e-02 7.877790796628806902e+02
9.295076882926964768e-01 4.191148552707956582e-02 9.154723121931050353e-03 -2.170422603184395463e-02 7.897789065077282658e+02
9.520078517144129338e-01 4.303085514296823427e-02 6.984300518746655584e-03 -2.201516477562187601e-02 7.917787843310895823e+02
9.702793197478920550e-01 4.395794060738514308e-02 4.782784041184468156e-03 -2.222789801577000970e-02 7.937787054970360714e+02
9.842405951454262780e-01 4.468828450646897960e-02 2.559994239607467446e-03 -2.234146678074508396e-02 7.957786615980029410e+02
9.938293918395392224e-01 4.521836513584105016e-02 3.258475615329587891e-04 -2.235537108462620770e-02 7.977786436042733840e+02
9.990029232246000479e-01 4.554562348472819544e-02 -1.909689546929662371e-03 -2.226957195783698870e-02 7.997786420246673060e+02
9.997381004956580330e-01 4.566848296670025092e-02 -4.136646742713362065e-03 -2.208449068187107525e-02 8.017786470755490882e+02
9.960316398285549155e-01 4.558636145536742318e-02 -6.345095810900469417e-03 -2.180100527229159382e-02 8.037786488551114417e+02
9.879000777382277443e-01 4.529967535868501677e-02 -8.525196338129628973e-03 -2.142044429517980450e-02 8.057786375197946427e+02
9.753796945155607245e-01 4.480983564940663882e-02 -1.066724076764761012e-02 -2.094457814137008420e-02 8.077786034596571199e+02
9.585263462082377339e-01 4.411923596144542298e-02 -1.276169858178461715e-02 -2.037560791458390211e-02 8.097785374695345126e+02
9.374152061691328752e-01 4.323123304548622675e-02 -1.479925937324300805e-02 -1.971615211642887416e-02 8.117784309129050371e+02
9.121404177380404432e-01 4.215012004755977482e-02 -1.677087458488589478e-02 -1.896923133267891179e-02 8.137782758755121222e+02
8.828146601408449756e-01 4.088109322956560987e-02 -1.866779771815378283e-02 -1.813825113702990932e-02 8.157780653059941187e+02
8.495686301774880711e-01 3.943021287478782472e-02 -2.048162283185677585e-02 -1.722698343545395541e-02 8.177777931410080328e+02
8.125504427197913770e-01 3.780435921792172499e-02 -2.220432117540217104e-02 -1.623954647383725122e-02 8.197774544126273213e+02
7.719249534474619256e-01 3.601118430389419617e-02 -2.382827582278589443e-02 -1.518038372302218247e-02 8.217770453361207501e+02
7.278730076119225290e-01 3.405906070346741144e-02 -2.534631419508811406e-02 -1.405424184503423213e-02 8.237765633765800430e+02
6.805906189304744558e-01 3.195702801291630535e-02 -2.675173837959153589e-02 -1.286614792386505876e-02 8.257760072932520643e+02
6.302880829775664440e-01 2.971473802041199944e-02 -2.803835317197804142e-02 -1.162138612532404025e-02 8.277753771608336137e+02
5.771890296558425115e-01 2.734239935725716122e-02 -2.920049178451044475e-02 -1.032547392511189328e-02 8.297746743674022127e+02
5.215294194997697197e-01 2.485072235698766036e-02 -3.023303917702163668e-02 -8.984138019261093608e-03 8.317739015890718974e+02
4.635564886920982008e-01 2.225086473234909323e-02 -3.113145297894774274e-02 -7.603290005038256666e-03 8.337730627418751510e+02
4.035276477626568159e-01 1.955437855228928795e-02 -3.189178197945156945e-02 -6.189001895107999404e-03 8.357721629117680777e+02
3.417093389951807447e-01 1.677315886496149808e-02 -3.251068216896237095e-02 -4.747481503798538921e-03 8.377712082640397284e+02
2.783758575967474891e-01 1.391939417233895027e-02 -3.298543031934222935e-02 -3.285047723948186695e-03 8.397702059337538003e+02
2.138081416918575228e-01 1.100551882778614578e-02 -3.331393509173704442e-02 -1.808105693626043059e-03 8.417691638991843774e+02
1.482925361954386123e-01 8.044167296084109992e-03 -3.349474566109964663e-02 -3.231218394564357318e-04 8.437680908404832962e+02
8.211953560156770582e-02 5.048130100580510565e-03 -3.352705784504529662e-02 1.163401226632146315e-03 8.457669959860763811e+02
1.558251070299466329e-02 2.030311181468626939e-03 -3.341071772238207727e-02 2.644949985387300140e-03 8.477658889494823597e+02
-5.102357576488814744e-02 -9.963136950433409966e-04 -3.314622272384334933e-02 4.115025488631727547e-03 8.497647795594125455e+02
-1.174034595796421832e-01 -4.018737892158746709e-03 -3.273472017498017805e-02 5.567169060406274017e-03 8.517636776861191947e+02
-1.832628666217958058e-01 -7.023964680600714404e-03 -3.217800326893955482e-02 6.994988229089202196e-03 8.537625930670211574e+02
-2.483098006372026212e-01 -9.999048302862077395e-03 -3.147850444603063347e-02 8.392182886253578972e-03 8.557615351346499892e+02
-3.122558222040194287e-01 -1.293113578128280046e-02 -3.063928615740527453e-02 9.752571644641133686e-03 8.577605128499172906e+02
-3.748173139237880869e-01 -1.580750988432900322e-02 -2.966402899294116186e-02 1.107011834643963077e-02 8.597595345436205889e+02
-4.357167268376057057e-01 -1.861563360834728176e-02 -2.855701715829719878e-02 1.233895864549353766e-02 8.617586077689629747e+02
-4.946838030477734849e-01 -2.134319644921941692e-02 -2.732312129374784432e-02 1.355342655848310561e-02 8.637577391676811658e+02
-5.514567695065659692e-01 -2.397816263481679713e-02 -2.596777863789953220e-02 1.470808085226115065e-02 8.657569343521491874e+02
-6.057834979217049387e-01 -2.650882137299378702e-02 -2.449697055267341730e-02 1.579773110588636106e-02 8.677561978055496184e+02
-6.574226257284295771e-01 -2.892383903972196510e-02 -2.291719744208477877e-02 1.681746325942786585e-02 8.697555328019060426e+02
-7.061446330965166496e-01 -3.121231309326711473e-02 -2.123545111614199427e-02 1.776266443912380769e-02 8.717549413474221183e+02
-7.517328709832028499e-01 -3.336382736031803797e-02 -1.945918467222961315e-02 1.862904683029195305e-02 8.737544241442101338e+02
-7.939845353155705610e-01 -3.536850820409279117e-02 -1.759627998920041889e-02 1.941267035570956589e-02 8.757539805770999237e+02
-8.327115824941108135e-01 -3.721708095410546091e-02 -1.565501295362945952e-02 2.010996391170056033e-02 8.777536087238138407e+02
-8.677415815574953672e-01 -3.890092586466583485e-02 -1.364401656245940557e-02 2.071774491477948801e-02 8.797533053883798857e+02
-8.989184985411254880e-01 -4.041213277544172811e-02 -1.157224207098145677e-02 2.123323692038379951e-02 8.817530661572388908e+02
-9.261034088014726828e-01 -4.174355357974025155e-02 -9.448918378943077165e-03 2.165408509126424616e-02 8.837528854770922635e+02
-9.491751333661604395e-01 -4.288885156707467061e-02 -7.283509869816651508e-03 2.197836931743474623e-02 8.857527567531418526e+02
-9.680307957061469182e-01 -4.384254670312497798e-02 -5.085672938073176712e-03 2.220461481921439523e-02 8.877526724659992396e+02
-9.825862957100525152e-01 -4.460005594047028454e-02 -2.865211456151736929e-03 2.233180009942234770e-02 8.897526243051964912e+02
-9.927766980687612319e-01 -4.515772771423861437e-02 -6.320314462095017686e-04 2.235936215248421344e-02 8.917526033169237962e+02
-9.985565327465024676e-01 -4.551286988007552381e-02 1.603904769038919749e-03 2.228719887693644819e-02 8.937526000633497461e+02
-9.999000057176704592e-01 -4.566377046876728130e-02 3.832624656732564784e-03 2.211566868726902793e-02 8.957526047906676467e+02
-9.968011186791492229e-01 -4.560971079139577999e-02 6.044191525459467577e-03 2.184558736493329156e-02 8.977526076028401576e+02
-9.892736969988594753e-01 -4.535097059951217341e-02 8.228750261952797948e-03 2.147822223572177364e-02 8.997525986379150709e+02
-9.773513257234330842e-01 -4.488882520217809396e-02 1.037657248552497496e-02 2.101528379699307489e-02 9.017525682437262731e+02
-9.610871940329152041e-01 -4.422553463958499992e-02 1.247810086522428176e-02 2.045891494311750589e-02 9.037525071498147327e+02
-9.405538490893450287e-01 -4.336432519893813897e-02 1.452399235953603235e-02 1.981167794853138514e-02 9.057524066324699561e+02
-9.158428607711986968e-01 -4.230936370455389700e-02 1.650516015438917294e-02 1.907653938136222305e-02 9.077522586699225258e+02
-8.870643993093326740e-01 -4.106572512296521177e-02 1.841281409252539317e-02 1.825685315642378015e-02 9.097520560849070534e+02
-8.543467283344899910e-01 -3.963935412558619586e-02 2.023849940816777049e-02 1.735634200477894143e-02 9.117517926720463493e+02
-8.178356163026783143e-01 -3.803702141327380826e-02 2.197413360864566498e-02 1.637907769817712259e-02 9.137514633077967119e+02
-7.776936696743370625e-01 -3.626627584576544439e-02 2.361204137846337550e-02 1.532946033804480704e-02 9.157510640410109772e+02
-7.340995915811729944e-01 -3.433539364070225391e-02 2.514498741226785933e-02 1.421219682028691984e-02 9.177505921625394194e+02
-6.872473700247417883e-01 -3.225332586260030998e-02 2.656620709429655114e-02 1.303227826981938342e-02 9.197500462526669480e+02
-6.373453999265465963e-01 -3.002964485826689969e-02 2.786943492127848948e-02 1.179495609345730840e-02 9.217494262055901117e+02
-5.846155436026112540e-01 -2.767448935463426296e-02 2.904893053062421876e-02 1.050571672968957440e-02 9.237487332305485097e+02
-5.292921344583471077e-01 -2.519850740818885618e-02 3.009950220359317724e-02 9.170256296967379400e-03 9.257479698296467632e+02
-4.716209288485074258e-01 -2.261279751565225399e-02 3.101652783328991483e-02 7.794457407518954641e-03 9.277471397528127000e+02
-4.118580110635006730e-01 -1.992885137303949256e-02 3.179597357404181229e-02 6.384369775447088467e-03 9.297462479307370131e+02
-3.502686562813668303e-01 -1.715850497325388871e-02 3.243441055158652331e-02 4.946192546569686509e-03 9.317453003870194834e+02
-2.871261561959766451e-01 -1.431390317561920776e-02 3.292902980624349413e-02 3.486250809583115590e-03 9.337443041310943954e+02
-2.227106121621762191e-01 -1.140747238281398547e-02 3.327765488720180187e-02 2.010957060390167542e-03 9.357432670338429261e+02
-1.573077012884820380e-01 -8.451879758139869275e-03 3.347875059324081914e-02 5.267578514328778543e-04 9.377421976881063301e+02
-9.120742172610994680e-02 -5.459951267010328124e-03 3.353142637838410489e-02 -9.599126441570808056e-04 9.397411052566008038e+02
-2.470282356474120394e-02 -2.444546576612376468e-03 3.343543511396839668e-02 -2.442632216642229900e-03 9.417399993099547828e+02
4.191126985733659854e-02 5.815491972552324371e-04 3.319117189230418041e-02 -3.914919045852211128e-03 9.437388896577017476e+02
1.083395488081058816e-01 3.605601009069712808e-03 3.279967998771895349e-02 -5.370135670018653246e-03 9.457377861750676402e+02
1.742875134127606085e-01 6.614689478761192135e-03 3.226266642071709545e-02 -6.801511339556050480e-03 9.477366986283701635e+02
2.394627777087879605e-01 9.595389926729435554e-03 3.158251528676148806e-02 -8.202441306596452639e-03 9.497356365019583109e+02
3.035763685743771423e-01 1.253377236986325492e-02 3.076227115610184054e-02 -9.567030158150108266e-03 9.517346088299761959e+02
3.663439919597590300e-01 1.541619821146475618e-02 2.980556814028682833e-02 -1.089045423594874225e-02 9.537336240366240645e+02
4.274872375953607806e-01 1.823086466530710395e-02 2.871652271669195358e-02 -1.216842759475100962e-02 9.557326897884453274e+02
4.867347245934859901e-01 2.096891575540501748e-02 2.749967995721685349e-02 -1.339541304486408305e-02 9.577318128609269934e+02
5.438232514772232129e-01 2.362303368394994690e-02 2.616013865273044206e-02 -1.456254940088274816e-02 9.597309990196057470e+02
5.984990564883243547e-01 2.618233099673887565e-02 2.470388371264216690e-02 -1.565792455476221895e-02 9.617302529146435290e+02
6.505192328330405838e-01 2.862612204842330740e-02 2.313809125716594431e-02 -1.667187303269795917e-02 9.637295779898621504e+02
6.996531322603588565e-01 3.092407865073380779e-02 2.147090395389614909e-02 -1.760627758013946775e-02 9.657289764130074445e+02
7.456833359768695324e-01 3.305086793972442094e-02 1.971027619588220162e-02 -1.847984223083808802e-02 9.677284490393096803e+02
7.884057807803079854e-01 3.501322126245640792e-02 1.786229197279839281e-02 -1.931666440322894751e-02 9.697279954169435996e+02
8.276292286057358449e-01 3.686706351372817658e-02 1.593062553247549806e-02 -2.011280420924280513e-02 9.717276138256398781e+02
8.631753705836182622e-01 3.868755936540595186e-02 1.391934511155121755e-02 -2.079996988148489698e-02 9.737273013171229650e+02
8.948815430266260362e-01 4.047388881129801441e-02 1.183934812340272681e-02 -2.125420467774620514e-02 9.757270537232727747e+02
9.226067913257134379e-01 4.203979436339191911e-02 9.713927655628106297e-03 -2.139537373719437030e-02 9.777268656374194506e+02
9.462381221950701971e-01 4.302668435785053647e-02 7.574390281908668573e-03 -2.135392908465555059e-02 9.797267304412609974e+02
9.656893029195526834e-01 4.317920229351437933e-02 5.438997373443113341e-03 -2.155591330062502434e-02 9.817266404803688147e+02
9.808851003947779423e-01 4.283430983156052280e-02 3.283406043380610734e-03 -2.249810442368515781e-02 9.837265874127079996e+02
9.917353085762125042e-01 4.320569094902993595e-02 1.033595601012094693e-03 -2.412889377317203182e-02 9.857265625677442813e+02
9.981230661971949303e-01 4.578349526390367713e-02 -1.379293776305108923e-03 -2.521082476234152991e-02 9.877265570337041254e+02
9.999428246906170159e-01 5.056680554330517802e-02 -3.900376252539261741e-03 -2.354596891605466313e-02 9.897265614461388168e+02
9.971987340551563550e-01 5.416373070246256749e-02 -6.254973144144728749e-03 -1.782094951320700379e-02 9.917265659561288658e+02
9.901051364549754430e-01 5.015331236402927051e-02 -8.037068095465428608e-03 -1.062826567105473394e-02 9.937265607106138532e+02
9.790463425695511424e-01 3.418783607419119408e-02 -9.099894662570901654e-03 -9.961474021939946064e-03 9.957265364246151194e+02
9.642654464819234716e-01 1.292075844509162422e-02 -1.009604206476489782e-02 -2.499772712115377535e-02 9.977264847272443831e+02
